2.000000000000000111e-01 1.700000000000000178e+00 -3.200000000000000178e+00 1.500000000000000000e+00 9.500000000000000000e+00 -1.619999999999999929e+01 -9.999999999999964473e-02 2.000000000000000000e+00 3.000000000000007105e-01 1.800000000000000711e+00 -1.799999999999999822e+00 1.100000000000000533e+00 -4.000000000000000000e+00 7.000000000000001776e-01 3.500000000000000000e+00 3.100000000000000533e+00 3.100000000000000533e+00 8.000000000000000444e-01 5.000000000000000000e-01 -1.999999999999997335e-01 1.000000000000000000e+00
1.000000000000000056e-01 -2.999999999999998224e-01 -1.899999999999999911e+00 -1.000000000000000000e+00 1.190000000000000036e+01 -1.140000000000000036e+01 -3.199999999999999734e+00 -7.099999999999999645e+00 2.900000000000000355e+00 1.200000000000000178e+00 -2.200000000000000178e+00 -1.199999999999999734e+00 -5.000000000000000000e+00 2.200000000000000178e+00 4.000000000000003553e-01 -8.999999999999999112e-01 -2.299999999999999822e+00 -5.000000000000000000e-01 3.000000000000000000e+00 -3.700000000000000178e+00 -1.199999999999999734e+00
1.000000000000000056e-01 2.800000000000000711e+00 1.000000000000005329e-01 -1.899999999999999911e+00 1.200000000000000000e+01 -1.850000000000000000e+01 -3.799999999999999822e+00 -4.299999999999999822e+00 -3.199999999999999289e+00 5.700000000000001066e+00 2.200000000000000178e+00 -3.799999999999999822e+00 -1.000000000000000000e+00 -2.700000000000000178e+00 -1.199999999999999734e+00 8.000000000000007105e-01 9.000000000000003553e-01 1.000000000000000888e-01 -3.999999999999999112e-01 -5.000000000000000000e-01 8.000000000000007105e-01
1.000000000000000056e-01 1.900000000000000355e+00 3.800000000000000711e+00 8.000000000000007105e-01 1.260000000000000142e+01 -1.009999999999999964e+01 3.700000000000001066e+00 -5.699999999999999289e+00 -4.400000000000000355e+00 -1.099999999999999645e+00 9.000000000000003553e-01 -6.999999999999997335e-01 -7.799999999999999822e+00 -3.299999999999999822e+00 3.900000000000000355e+00 3.500000000000000000e+00 1.800000000000000711e+00 3.000000000000000444e-01 -4.000000000000000000e+00 -1.399999999999999911e+00 -2.000000000000000000e+00
1.000000000000000056e-01 -2.000000000000000000e+00 -4.000000000000000000e+00 6.000000000000005329e-01 1.750000000000000000e+01 -1.830000000000000071e+01 -5.000000000000000000e-01 4.400000000000000355e+00 3.000000000000000000e+00 3.500000000000000000e+00 -1.999999999999997335e-01 2.400000000000000355e+00 -5.299999999999999822e+00 -2.200000000000000178e+00 1.500000000000000000e+00 -3.899999999999999911e+00 1.600000000000000533e+00 3.000000000000000444e-01 2.400000000000000355e+00 0.000000000000000000e+00 3.600000000000000533e+00
7.000000000000000666e-01 -5.999999999999996447e-01 -2.099999999999999645e+00 2.400000000000000355e+00 1.490000000000000036e+01 -1.439999999999999858e+01 2.500000000000000000e+00 1.500000000000000000e+00 -2.399999999999999467e+00 3.500000000000000000e+00 1.100000000000000533e+00 -5.000000000000000000e-01 -3.299999999999999822e+00 -1.799999999999999822e+00 5.000000000000000000e-01 1.000000000000005329e-01 -1.899999999999999911e+00 -8.000000000000000444e-01 2.900000000000000355e+00 5.000000000000000000e-01 -2.999999999999998224e-01
2.000000000000000111e-01 -1.199999999999999734e+00 1.200000000000000178e+00 -1.199999999999999734e+00 1.830000000000000071e+01 -1.850000000000000000e+01 1.000000000000000000e+00 7.900000000000000355e+00 3.800000000000000711e+00 2.599999999999999645e+00 1.100000000000000533e+00 6.000000000000005329e-01 -1.500000000000000000e+00 -3.000000000000000000e+00 -2.799999999999999822e+00 -1.599999999999999645e+00 -8.999999999999999112e-01 6.000000000000000888e-01 3.300000000000000711e+00 -2.399999999999999911e+00 -1.999999999999997335e-01
4.000000000000000222e-01 -3.999999999999999112e-01 3.100000000000000533e+00 2.700000000000000178e+00 1.900000000000000000e+01 -1.750000000000000000e+01 1.000000000000000000e+00 -3.799999999999999822e+00 -4.699999999999999289e+00 -3.599999999999999645e+00 5.000000000000000000e-01 2.300000000000000711e+00 -7.999999999999998224e-01 3.500000000000000000e+00 1.100000000000000533e+00 -1.500000000000000000e+00 2.000000000000000000e+00 1.000000000000000888e-01 3.300000000000000711e+00 3.900000000000000355e+00 -1.599999999999999645e+00
3.000000000000000444e-01 -2.799999999999999822e+00 -3.200000000000000178e+00 3.900000000000000355e+00 1.350000000000000000e+01 -1.900000000000000000e+01 -1.999999999999992895e-01 2.700000000000001066e+00 5.600000000000001421e+00 -3.199999999999999734e+00 -2.200000000000000178e+00 -3.200000000000000178e+00 -4.799999999999999822e+00 -3.399999999999999911e+00 4.000000000000003553e-01 -1.199999999999999734e+00 3.100000000000000533e+00 0.000000000000000000e+00 -2.899999999999999911e+00 -1.999999999999997335e-01 6.000000000000005329e-01
9.000000000000000222e-01 3.900000000000000355e+00 -4.000000000000000000e+00 -4.000000000000000000e+00 8.000000000000000000e+00 -1.009999999999999964e+01 -6.000000000000000000e+00 7.900000000000000355e+00 -8.000000000000000000e+00 -6.000000000000000000e+00 3.900000000000000355e+00 3.900000000000000355e+00 1.900000000000000355e+00 3.900000000000000355e+00 3.900000000000000355e+00 -4.000000000000000000e+00 3.900000000000000355e+00 -1.000000000000000000e+00 -4.000000000000000000e+00 3.900000000000000355e+00 3.900000000000000355e+00
9.000000000000000222e-01 3.900000000000000355e+00 3.900000000000000355e+00 -4.000000000000000000e+00 8.000000000000000000e+00 -2.000000000000000000e+01 -6.000000000000000000e+00 7.900000000000000355e+00 -8.000000000000000000e+00 5.900000000000000355e+00 -4.000000000000000000e+00 -4.000000000000000000e+00 -8.000000000000000000e+00 3.900000000000000355e+00 -4.000000000000000000e+00 3.900000000000000355e+00 -4.000000000000000000e+00 9.000000000000001332e-01 -4.000000000000000000e+00 3.900000000000000355e+00 -4.000000000000000000e+00
9.000000000000000222e-01 3.900000000000000355e+00 -4.000000000000000000e+00 -4.000000000000000000e+00 8.000000000000000000e+00 -2.000000000000000000e+01 5.900000000000000355e+00 -8.000000000000000000e+00 -8.000000000000000000e+00 -6.000000000000000000e+00 3.900000000000000355e+00 3.900000000000000355e+00 1.900000000000000355e+00 3.900000000000000355e+00 -4.000000000000000000e+00 3.900000000000000355e+00 -4.000000000000000000e+00 9.000000000000001332e-01 3.900000000000000355e+00 -4.000000000000000000e+00 3.900000000000000355e+00
9.000000000000000222e-01 3.900000000000000355e+00 -4.000000000000000000e+00 -4.000000000000000000e+00 1.989999999999999858e+01 -1.009999999999999964e+01 5.900000000000000355e+00 -8.000000000000000000e+00 7.900000000000000355e+00 5.900000000000000355e+00 -4.000000000000000000e+00 -4.000000000000000000e+00 1.900000000000000355e+00 3.900000000000000355e+00 -4.000000000000000000e+00 3.900000000000000355e+00 3.900000000000000355e+00 9.000000000000001332e-01 -4.000000000000000000e+00 3.900000000000000355e+00 -4.000000000000000000e+00
0.000000000000000000e+00 -4.000000000000000000e+00 3.900000000000000355e+00 -4.000000000000000000e+00 1.989999999999999858e+01 -2.000000000000000000e+01 -6.000000000000000000e+00 -8.000000000000000000e+00 -8.000000000000000000e+00 5.900000000000000355e+00 3.900000000000000355e+00 3.900000000000000355e+00 -8.000000000000000000e+00 3.900000000000000355e+00 -4.000000000000000000e+00 3.900000000000000355e+00 3.900000000000000355e+00 -1.000000000000000000e+00 -4.000000000000000000e+00 -4.000000000000000000e+00 3.900000000000000355e+00
9.000000000000000222e-01 -4.000000000000000000e+00 3.900000000000000355e+00 3.900000000000000355e+00 1.989999999999999858e+01 -1.009999999999999964e+01 -6.000000000000000000e+00 7.900000000000000355e+00 -8.000000000000000000e+00 -6.000000000000000000e+00 -4.000000000000000000e+00 -4.000000000000000000e+00 1.900000000000000355e+00 3.900000000000000355e+00 3.900000000000000355e+00 3.900000000000000355e+00 3.900000000000000355e+00 9.000000000000001332e-01 3.900000000000000355e+00 -4.000000000000000000e+00 3.900000000000000355e+00
0.000000000000000000e+00 3.900000000000000355e+00 3.900000000000000355e+00 -4.000000000000000000e+00 8.000000000000000000e+00 -2.000000000000000000e+01 5.900000000000000355e+00 -8.000000000000000000e+00 7.900000000000000355e+00 5.900000000000000355e+00 3.900000000000000355e+00 -4.000000000000000000e+00 -8.000000000000000000e+00 3.900000000000000355e+00 3.900000000000000355e+00 -4.000000000000000000e+00 3.900000000000000355e+00 9.000000000000001332e-01 3.900000000000000355e+00 3.900000000000000355e+00 3.900000000000000355e+00
9.000000000000000222e-01 3.900000000000000355e+00 3.900000000000000355e+00 3.900000000000000355e+00 1.989999999999999858e+01 -2.000000000000000000e+01 -6.000000000000000000e+00 -8.000000000000000000e+00 7.900000000000000355e+00 -6.000000000000000000e+00 3.900000000000000355e+00 -4.000000000000000000e+00 1.900000000000000355e+00 3.900000000000000355e+00 3.900000000000000355e+00 3.900000000000000355e+00 -4.000000000000000000e+00 -1.000000000000000000e+00 -4.000000000000000000e+00 -4.000000000000000000e+00 -4.000000000000000000e+00
0.000000000000000000e+00 3.900000000000000355e+00 3.900000000000000355e+00 -4.000000000000000000e+00 8.000000000000000000e+00 -2.000000000000000000e+01 -6.000000000000000000e+00 -8.000000000000000000e+00 -8.000000000000000000e+00 5.900000000000000355e+00 -4.000000000000000000e+00 3.900000000000000355e+00 1.900000000000000355e+00 -4.000000000000000000e+00 3.900000000000000355e+00 3.900000000000000355e+00 3.900000000000000355e+00 -1.000000000000000000e+00 -4.000000000000000000e+00 3.900000000000000355e+00 -4.000000000000000000e+00
9.000000000000000222e-01 -4.000000000000000000e+00 3.900000000000000355e+00 3.900000000000000355e+00 8.000000000000000000e+00 -2.000000000000000000e+01 5.900000000000000355e+00 -8.000000000000000000e+00 7.900000000000000355e+00 -6.000000000000000000e+00 -4.000000000000000000e+00 3.900000000000000355e+00 1.900000000000000355e+00 3.900000000000000355e+00 -4.000000000000000000e+00 -4.000000000000000000e+00 -4.000000000000000000e+00 -1.000000000000000000e+00 -4.000000000000000000e+00 3.900000000000000355e+00 3.900000000000000355e+00
9.000000000000000222e-01 3.900000000000000355e+00 3.900000000000000355e+00 3.900000000000000355e+00 8.000000000000000000e+00 -1.009999999999999964e+01 5.900000000000000355e+00 7.900000000000000355e+00 7.900000000000000355e+00 -6.000000000000000000e+00 -4.000000000000000000e+00 3.900000000000000355e+00 -8.000000000000000000e+00 3.900000000000000355e+00 3.900000000000000355e+00 3.900000000000000355e+00 3.900000000000000355e+00 -1.000000000000000000e+00 3.900000000000000355e+00 3.900000000000000355e+00 -4.000000000000000000e+00
0.000000000000000000e+00 3.900000000000000355e+00 -4.000000000000000000e+00 3.900000000000000355e+00 8.000000000000000000e+00 -1.009999999999999964e+01 -6.000000000000000000e+00 7.900000000000000355e+00 -8.000000000000000000e+00 5.900000000000000355e+00 3.900000000000000355e+00 -4.000000000000000000e+00 1.900000000000000355e+00 3.900000000000000355e+00 -4.000000000000000000e+00 -4.000000000000000000e+00 3.900000000000000355e+00 9.000000000000001332e-01 -4.000000000000000000e+00 -4.000000000000000000e+00 -4.000000000000000000e+00
9.000000000000000222e-01 -4.000000000000000000e+00 -4.000000000000000000e+00 3.900000000000000355e+00 8.000000000000000000e+00 -2.000000000000000000e+01 -6.000000000000000000e+00 -8.000000000000000000e+00 -8.000000000000000000e+00 -6.000000000000000000e+00 3.900000000000000355e+00 3.900000000000000355e+00 1.900000000000000355e+00 -4.000000000000000000e+00 3.900000000000000355e+00 3.900000000000000355e+00 3.900000000000000355e+00 9.000000000000001332e-01 3.900000000000000355e+00 3.900000000000000355e+00 -4.000000000000000000e+00
0.000000000000000000e+00 3.900000000000000355e+00 -4.000000000000000000e+00 -4.000000000000000000e+00 8.000000000000000000e+00 -1.009999999999999964e+01 -6.000000000000000000e+00 7.900000000000000355e+00 7.900000000000000355e+00 5.900000000000000355e+00 -4.000000000000000000e+00 3.900000000000000355e+00 -8.000000000000000000e+00 -4.000000000000000000e+00 -4.000000000000000000e+00 3.900000000000000355e+00 -4.000000000000000000e+00 -1.000000000000000000e+00 -4.000000000000000000e+00 3.900000000000000355e+00 3.900000000000000355e+00
0.000000000000000000e+00 3.900000000000000355e+00 -4.000000000000000000e+00 3.900000000000000355e+00 1.989999999999999858e+01 -2.000000000000000000e+01 5.900000000000000355e+00 -8.000000000000000000e+00 7.900000000000000355e+00 -6.000000000000000000e+00 -4.000000000000000000e+00 3.900000000000000355e+00 -8.000000000000000000e+00 3.900000000000000355e+00 -4.000000000000000000e+00 3.900000000000000355e+00 3.900000000000000355e+00 -1.000000000000000000e+00 3.900000000000000355e+00 -4.000000000000000000e+00 -4.000000000000000000e+00
9.000000000000000222e-01 -4.000000000000000000e+00 -4.000000000000000000e+00 3.900000000000000355e+00 8.000000000000000000e+00 -2.000000000000000000e+01 5.900000000000000355e+00 7.900000000000000355e+00 -8.000000000000000000e+00 5.900000000000000355e+00 -4.000000000000000000e+00 -4.000000000000000000e+00 -8.000000000000000000e+00 3.900000000000000355e+00 3.900000000000000355e+00 3.900000000000000355e+00 -4.000000000000000000e+00 -1.000000000000000000e+00 -4.000000000000000000e+00 -4.000000000000000000e+00 3.900000000000000355e+00
9.000000000000000222e-01 3.900000000000000355e+00 3.900000000000000355e+00 -4.000000000000000000e+00 1.989999999999999858e+01 -2.000000000000000000e+01 -6.000000000000000000e+00 -8.000000000000000000e+00 -8.000000000000000000e+00 -6.000000000000000000e+00 -4.000000000000000000e+00 -4.000000000000000000e+00 -8.000000000000000000e+00 -4.000000000000000000e+00 3.900000000000000355e+00 -4.000000000000000000e+00 -4.000000000000000000e+00 -1.000000000000000000e+00 3.900000000000000355e+00 3.900000000000000355e+00 -4.000000000000000000e+00
0.000000000000000000e+00 -4.000000000000000000e+00 -4.000000000000000000e+00 -4.000000000000000000e+00 8.000000000000000000e+00 -1.009999999999999964e+01 5.900000000000000355e+00 7.900000000000000355e+00 7.900000000000000355e+00 -6.000000000000000000e+00 3.900000000000000355e+00 -4.000000000000000000e+00 1.900000000000000355e+00 3.900000000000000355e+00 3.900000000000000355e+00 3.900000000000000355e+00 -4.000000000000000000e+00 9.000000000000001332e-01 3.900000000000000355e+00 3.900000000000000355e+00 -4.000000000000000000e+00
0.000000000000000000e+00 -4.000000000000000000e+00 3.900000000000000355e+00 3.900000000000000355e+00 1.989999999999999858e+01 -1.009999999999999964e+01 -6.000000000000000000e+00 -8.000000000000000000e+00 -8.000000000000000000e+00 -6.000000000000000000e+00 3.900000000000000355e+00 -4.000000000000000000e+00 -8.000000000000000000e+00 3.900000000000000355e+00 -4.000000000000000000e+00 -4.000000000000000000e+00 -4.000000000000000000e+00 9.000000000000001332e-01 -4.000000000000000000e+00 3.900000000000000355e+00 3.900000000000000355e+00
9.000000000000000222e-01 3.900000000000000355e+00 3.900000000000000355e+00 3.900000000000000355e+00 8.000000000000000000e+00 -1.009999999999999964e+01 -6.000000000000000000e+00 -8.000000000000000000e+00 7.900000000000000355e+00 5.900000000000000355e+00 -4.000000000000000000e+00 -4.000000000000000000e+00 1.900000000000000355e+00 -4.000000000000000000e+00 -4.000000000000000000e+00 -4.000000000000000000e+00 3.900000000000000355e+00 -1.000000000000000000e+00 3.900000000000000355e+00 -4.000000000000000000e+00 3.900000000000000355e+00
0.000000000000000000e+00 3.900000000000000355e+00 3.900000000000000355e+00 -4.000000000000000000e+00 1.989999999999999858e+01 -2.000000000000000000e+01 5.900000000000000355e+00 7.900000000000000355e+00 -8.000000000000000000e+00 5.900000000000000355e+00 3.900000000000000355e+00 -4.000000000000000000e+00 1.900000000000000355e+00 3.900000000000000355e+00 3.900000000000000355e+00 3.900000000000000355e+00 -4.000000000000000000e+00 -1.000000000000000000e+00 -4.000000000000000000e+00 -4.000000000000000000e+00 3.900000000000000355e+00
0.000000000000000000e+00 3.900000000000000355e+00 3.900000000000000355e+00 3.900000000000000355e+00 8.000000000000000000e+00 -2.000000000000000000e+01 -6.000000000000000000e+00 7.900000000000000355e+00 -8.000000000000000000e+00 5.900000000000000355e+00 3.900000000000000355e+00 3.900000000000000355e+00 -8.000000000000000000e+00 -4.000000000000000000e+00 3.900000000000000355e+00 3.900000000000000355e+00 -4.000000000000000000e+00 9.000000000000001332e-01 3.900000000000000355e+00 -4.000000000000000000e+00 3.900000000000000355e+00
0.000000000000000000e+00 3.900000000000000355e+00 -4.000000000000000000e+00 -4.000000000000000000e+00 8.000000000000000000e+00 -2.000000000000000000e+01 -6.000000000000000000e+00 -8.000000000000000000e+00 -8.000000000000000000e+00 5.900000000000000355e+00 -4.000000000000000000e+00 3.900000000000000355e+00 -8.000000000000000000e+00 -4.000000000000000000e+00 -4.000000000000000000e+00 -4.000000000000000000e+00 3.900000000000000355e+00 9.000000000000001332e-01 3.900000000000000355e+00 -4.000000000000000000e+00 -4.000000000000000000e+00
9.000000000000000222e-01 -4.000000000000000000e+00 -4.000000000000000000e+00 3.900000000000000355e+00 1.989999999999999858e+01 -1.009999999999999964e+01 -6.000000000000000000e+00 -8.000000000000000000e+00 7.900000000000000355e+00 5.900000000000000355e+00 3.900000000000000355e+00 3.900000000000000355e+00 -8.000000000000000000e+00 3.900000000000000355e+00 3.900000000000000355e+00 3.900000000000000355e+00 3.900000000000000355e+00 9.000000000000001332e-01 -4.000000000000000000e+00 3.900000000000000355e+00 3.900000000000000355e+00
0.000000000000000000e+00 3.900000000000000355e+00 -4.000000000000000000e+00 -4.000000000000000000e+00 1.989999999999999858e+01 -2.000000000000000000e+01 -6.000000000000000000e+00 -8.000000000000000000e+00 7.900000000000000355e+00 5.900000000000000355e+00 3.900000000000000355e+00 3.900000000000000355e+00 1.900000000000000355e+00 -4.000000000000000000e+00 3.900000000000000355e+00 -4.000000000000000000e+00 -4.000000000000000000e+00 9.000000000000001332e-01 -4.000000000000000000e+00 3.900000000000000355e+00 -4.000000000000000000e+00
0.000000000000000000e+00 -4.000000000000000000e+00 -4.000000000000000000e+00 3.900000000000000355e+00 1.989999999999999858e+01 -1.009999999999999964e+01 5.900000000000000355e+00 -8.000000000000000000e+00 -8.000000000000000000e+00 5.900000000000000355e+00 -4.000000000000000000e+00 3.900000000000000355e+00 1.900000000000000355e+00 3.900000000000000355e+00 3.900000000000000355e+00 -4.000000000000000000e+00 3.900000000000000355e+00 -1.000000000000000000e+00 3.900000000000000355e+00 3.900000000000000355e+00 3.900000000000000355e+00
9.000000000000000222e-01 -4.000000000000000000e+00 -4.000000000000000000e+00 -4.000000000000000000e+00 8.000000000000000000e+00 -1.009999999999999964e+01 -6.000000000000000000e+00 -8.000000000000000000e+00 7.900000000000000355e+00 5.900000000000000355e+00 3.900000000000000355e+00 -4.000000000000000000e+00 1.900000000000000355e+00 -4.000000000000000000e+00 3.900000000000000355e+00 3.900000000000000355e+00 -4.000000000000000000e+00 -1.000000000000000000e+00 -4.000000000000000000e+00 -4.000000000000000000e+00 3.900000000000000355e+00
0.000000000000000000e+00 -4.000000000000000000e+00 3.900000000000000355e+00 3.900000000000000355e+00 8.000000000000000000e+00 -2.000000000000000000e+01 5.900000000000000355e+00 7.900000000000000355e+00 -8.000000000000000000e+00 -6.000000000000000000e+00 3.900000000000000355e+00 3.900000000000000355e+00 -8.000000000000000000e+00 3.900000000000000355e+00 3.900000000000000355e+00 -4.000000000000000000e+00 3.900000000000000355e+00 -1.000000000000000000e+00 3.900000000000000355e+00 -4.000000000000000000e+00 -4.000000000000000000e+00
9.000000000000000222e-01 -4.000000000000000000e+00 -4.000000000000000000e+00 -4.000000000000000000e+00 1.989999999999999858e+01 -1.009999999999999964e+01 -6.000000000000000000e+00 7.900000000000000355e+00 -8.000000000000000000e+00 -6.000000000000000000e+00 -4.000000000000000000e+00 3.900000000000000355e+00 -8.000000000000000000e+00 3.900000000000000355e+00 -4.000000000000000000e+00 3.900000000000000355e+00 -4.000000000000000000e+00 -1.000000000000000000e+00 3.900000000000000355e+00 -4.000000000000000000e+00 -4.000000000000000000e+00
0.000000000000000000e+00 3.900000000000000355e+00 3.900000000000000355e+00 3.900000000000000355e+00 1.989999999999999858e+01 -2.000000000000000000e+01 -6.000000000000000000e+00 -8.000000000000000000e+00 -8.000000000000000000e+00 5.900000000000000355e+00 -4.000000000000000000e+00 -4.000000000000000000e+00 1.900000000000000355e+00 3.900000000000000355e+00 -4.000000000000000000e+00 3.900000000000000355e+00 -4.000000000000000000e+00 9.000000000000001332e-01 3.900000000000000355e+00 3.900000000000000355e+00 3.900000000000000355e+00
9.000000000000000222e-01 3.900000000000000355e+00 3.900000000000000355e+00 3.900000000000000355e+00 1.989999999999999858e+01 -2.000000000000000000e+01 5.900000000000000355e+00 7.900000000000000355e+00 -8.000000000000000000e+00 -6.000000000000000000e+00 3.900000000000000355e+00 -4.000000000000000000e+00 -8.000000000000000000e+00 -4.000000000000000000e+00 -4.000000000000000000e+00 3.900000000000000355e+00 3.900000000000000355e+00 -1.000000000000000000e+00 -4.000000000000000000e+00 3.900000000000000355e+00 3.900000000000000355e+00
0.000000000000000000e+00 -4.000000000000000000e+00 3.900000000000000355e+00 -4.000000000000000000e+00 1.989999999999999858e+01 -1.009999999999999964e+01 5.900000000000000355e+00 -8.000000000000000000e+00 -8.000000000000000000e+00 5.900000000000000355e+00 3.900000000000000355e+00 -4.000000000000000000e+00 1.900000000000000355e+00 -4.000000000000000000e+00 -4.000000000000000000e+00 -4.000000000000000000e+00 3.900000000000000355e+00 -1.000000000000000000e+00 3.900000000000000355e+00 3.900000000000000355e+00 -4.000000000000000000e+00
9.000000000000000222e-01 3.900000000000000355e+00 3.900000000000000355e+00 -4.000000000000000000e+00 1.989999999999999858e+01 -1.009999999999999964e+01 5.900000000000000355e+00 -8.000000000000000000e+00 7.900000000000000355e+00 -6.000000000000000000e+00 -4.000000000000000000e+00 3.900000000000000355e+00 -8.000000000000000000e+00 -4.000000000000000000e+00 3.900000000000000355e+00 -4.000000000000000000e+00 -4.000000000000000000e+00 9.000000000000001332e-01 -4.000000000000000000e+00 -4.000000000000000000e+00 3.900000000000000355e+00
9.000000000000000222e-01 3.900000000000000355e+00 -4.000000000000000000e+00 3.900000000000000355e+00 1.989999999999999858e+01 -2.000000000000000000e+01 5.900000000000000355e+00 7.900000000000000355e+00 -8.000000000000000000e+00 5.900000000000000355e+00 -4.000000000000000000e+00 3.900000000000000355e+00 -8.000000000000000000e+00 -4.000000000000000000e+00 3.900000000000000355e+00 -4.000000000000000000e+00 -4.000000000000000000e+00 9.000000000000001332e-01 -4.000000000000000000e+00 3.900000000000000355e+00 -4.000000000000000000e+00
0.000000000000000000e+00 3.900000000000000355e+00 -4.000000000000000000e+00 -4.000000000000000000e+00 1.989999999999999858e+01 -2.000000000000000000e+01 -6.000000000000000000e+00 -8.000000000000000000e+00 -8.000000000000000000e+00 -6.000000000000000000e+00 3.900000000000000355e+00 -4.000000000000000000e+00 -8.000000000000000000e+00 -4.000000000000000000e+00 3.900000000000000355e+00 3.900000000000000355e+00 3.900000000000000355e+00 -1.000000000000000000e+00 3.900000000000000355e+00 -4.000000000000000000e+00 3.900000000000000355e+00
9.000000000000000222e-01 -4.000000000000000000e+00 3.900000000000000355e+00 -4.000000000000000000e+00 8.000000000000000000e+00 -1.009999999999999964e+01 5.900000000000000355e+00 7.900000000000000355e+00 7.900000000000000355e+00 -6.000000000000000000e+00 3.900000000000000355e+00 3.900000000000000355e+00 -8.000000000000000000e+00 3.900000000000000355e+00 -4.000000000000000000e+00 3.900000000000000355e+00 3.900000000000000355e+00 9.000000000000001332e-01 -4.000000000000000000e+00 -4.000000000000000000e+00 3.900000000000000355e+00
0.000000000000000000e+00 3.900000000000000355e+00 -4.000000000000000000e+00 3.900000000000000355e+00 1.989999999999999858e+01 -1.009999999999999964e+01 -6.000000000000000000e+00 7.900000000000000355e+00 7.900000000000000355e+00 5.900000000000000355e+00 -4.000000000000000000e+00 -4.000000000000000000e+00 -8.000000000000000000e+00 -4.000000000000000000e+00 3.900000000000000355e+00 3.900000000000000355e+00 -4.000000000000000000e+00 9.000000000000001332e-01 3.900000000000000355e+00 -4.000000000000000000e+00 -4.000000000000000000e+00
9.000000000000000222e-01 -4.000000000000000000e+00 3.900000000000000355e+00 -4.000000000000000000e+00 8.000000000000000000e+00 -2.000000000000000000e+01 -6.000000000000000000e+00 7.900000000000000355e+00 7.900000000000000355e+00 5.900000000000000355e+00 -4.000000000000000000e+00 3.900000000000000355e+00 1.900000000000000355e+00 3.900000000000000355e+00 3.900000000000000355e+00 -4.000000000000000000e+00 3.900000000000000355e+00 9.000000000000001332e-01 -4.000000000000000000e+00 -4.000000000000000000e+00 -4.000000000000000000e+00
9.000000000000000222e-01 -4.000000000000000000e+00 3.900000000000000355e+00 -4.000000000000000000e+00 8.000000000000000000e+00 -1.009999999999999964e+01 5.900000000000000355e+00 7.900000000000000355e+00 -8.000000000000000000e+00 5.900000000000000355e+00 -4.000000000000000000e+00 -4.000000000000000000e+00 -8.000000000000000000e+00 -4.000000000000000000e+00 -4.000000000000000000e+00 3.900000000000000355e+00 3.900000000000000355e+00 -1.000000000000000000e+00 3.900000000000000355e+00 3.900000000000000355e+00 3.900000000000000355e+00
9.000000000000000222e-01 -4.000000000000000000e+00 3.900000000000000355e+00 -4.000000000000000000e+00 1.989999999999999858e+01 -2.000000000000000000e+01 -6.000000000000000000e+00 7.900000000000000355e+00 7.900000000000000355e+00 5.900000000000000355e+00 3.900000000000000355e+00 -4.000000000000000000e+00 -8.000000000000000000e+00 3.900000000000000355e+00 3.900000000000000355e+00 3.900000000000000355e+00 3.900000000000000355e+00 -1.000000000000000000e+00 3.900000000000000355e+00 3.900000000000000355e+00 -4.000000000000000000e+00
0.000000000000000000e+00 3.900000000000000355e+00 3.900000000000000355e+00 3.900000000000000355e+00 8.000000000000000000e+00 -1.009999999999999964e+01 5.900000000000000355e+00 7.900000000000000355e+00 -8.000000000000000000e+00 5.900000000000000355e+00 3.900000000000000355e+00 3.900000000000000355e+00 1.900000000000000355e+00 -4.000000000000000000e+00 -4.000000000000000000e+00 3.900000000000000355e+00 3.900000000000000355e+00 9.000000000000001332e-01 -4.000000000000000000e+00 3.900000000000000355e+00 3.900000000000000355e+00
0.000000000000000000e+00 -4.000000000000000000e+00 3.900000000000000355e+00 -4.000000000000000000e+00 8.000000000000000000e+00 -2.000000000000000000e+01 5.900000000000000355e+00 -8.000000000000000000e+00 -8.000000000000000000e+00 -6.000000000000000000e+00 -4.000000000000000000e+00 -4.000000000000000000e+00 1.900000000000000355e+00 -4.000000000000000000e+00 -4.000000000000000000e+00 3.900000000000000355e+00 -4.000000000000000000e+00 9.000000000000001332e-01 -4.000000000000000000e+00 -4.000000000000000000e+00 -4.000000000000000000e+00
9.000000000000000222e-01 3.900000000000000355e+00 -4.000000000000000000e+00 3.900000000000000355e+00 8.000000000000000000e+00 -2.000000000000000000e+01 5.900000000000000355e+00 7.900000000000000355e+00 7.900000000000000355e+00 -6.000000000000000000e+00 -4.000000000000000000e+00 -4.000000000000000000e+00 1.900000000000000355e+00 3.900000000000000355e+00 3.900000000000000355e+00 -4.000000000000000000e+00 -4.000000000000000000e+00 9.000000000000001332e-01 3.900000000000000355e+00 -4.000000000000000000e+00 3.900000000000000355e+00
9.000000000000000222e-01 3.900000000000000355e+00 -4.000000000000000000e+00 3.900000000000000355e+00 8.000000000000000000e+00 -2.000000000000000000e+01 -6.000000000000000000e+00 7.900000000000000355e+00 7.900000000000000355e+00 5.900000000000000355e+00 3.900000000000000355e+00 -4.000000000000000000e+00 -8.000000000000000000e+00 3.900000000000000355e+00 -4.000000000000000000e+00 3.900000000000000355e+00 3.900000000000000355e+00 -1.000000000000000000e+00 3.900000000000000355e+00 -4.000000000000000000e+00 3.900000000000000355e+00
9.000000000000000222e-01 -4.000000000000000000e+00 -4.000000000000000000e+00 3.900000000000000355e+00 1.989999999999999858e+01 -1.009999999999999964e+01 5.900000000000000355e+00 7.900000000000000355e+00 7.900000000000000355e+00 5.900000000000000355e+00 3.900000000000000355e+00 3.900000000000000355e+00 1.900000000000000355e+00 3.900000000000000355e+00 -4.000000000000000000e+00 -4.000000000000000000e+00 3.900000000000000355e+00 -1.000000000000000000e+00 -4.000000000000000000e+00 -4.000000000000000000e+00 -4.000000000000000000e+00
0.000000000000000000e+00 3.900000000000000355e+00 3.900000000000000355e+00 -4.000000000000000000e+00 1.989999999999999858e+01 -2.000000000000000000e+01 5.900000000000000355e+00 7.900000000000000355e+00 -8.000000000000000000e+00 -6.000000000000000000e+00 -4.000000000000000000e+00 3.900000000000000355e+00 1.900000000000000355e+00 -4.000000000000000000e+00 3.900000000000000355e+00 3.900000000000000355e+00 3.900000000000000355e+00 9.000000000000001332e-01 3.900000000000000355e+00 3.900000000000000355e+00 -4.000000000000000000e+00
9.000000000000000222e-01 -4.000000000000000000e+00 -4.000000000000000000e+00 3.900000000000000355e+00 8.000000000000000000e+00 -1.009999999999999964e+01 5.900000000000000355e+00 -8.000000000000000000e+00 7.900000000000000355e+00 5.900000000000000355e+00 -4.000000000000000000e+00 3.900000000000000355e+00 -8.000000000000000000e+00 3.900000000000000355e+00 3.900000000000000355e+00 3.900000000000000355e+00 -4.000000000000000000e+00 9.000000000000001332e-01 -4.000000000000000000e+00 -4.000000000000000000e+00 -4.000000000000000000e+00
9.000000000000000222e-01 -4.000000000000000000e+00 3.900000000000000355e+00 3.900000000000000355e+00 1.989999999999999858e+01 -1.009999999999999964e+01 5.900000000000000355e+00 -8.000000000000000000e+00 7.900000000000000355e+00 -6.000000000000000000e+00 3.900000000000000355e+00 -4.000000000000000000e+00 -8.000000000000000000e+00 -4.000000000000000000e+00 3.900000000000000355e+00 3.900000000000000355e+00 -4.000000000000000000e+00 -1.000000000000000000e+00 3.900000000000000355e+00 -4.000000000000000000e+00 3.900000000000000355e+00
0.000000000000000000e+00 3.900000000000000355e+00 3.900000000000000355e+00 3.900000000000000355e+00 8.000000000000000000e+00 -1.009999999999999964e+01 -6.000000000000000000e+00 -8.000000000000000000e+00 7.900000000000000355e+00 -6.000000000000000000e+00 3.900000000000000355e+00 -4.000000000000000000e+00 1.900000000000000355e+00 -4.000000000000000000e+00 -4.000000000000000000e+00 3.900000000000000355e+00 -4.000000000000000000e+00 -1.000000000000000000e+00 3.900000000000000355e+00 3.900000000000000355e+00 -4.000000000000000000e+00
9.000000000000000222e-01 3.900000000000000355e+00 -4.000000000000000000e+00 3.900000000000000355e+00 1.989999999999999858e+01 -1.009999999999999964e+01 5.900000000000000355e+00 -8.000000000000000000e+00 -8.000000000000000000e+00 -6.000000000000000000e+00 3.900000000000000355e+00 -4.000000000000000000e+00 -8.000000000000000000e+00 3.900000000000000355e+00 3.900000000000000355e+00 -4.000000000000000000e+00 -4.000000000000000000e+00 9.000000000000001332e-01 3.900000000000000355e+00 3.900000000000000355e+00 -4.000000000000000000e+00
9.000000000000000222e-01 -4.000000000000000000e+00 -4.000000000000000000e+00 -4.000000000000000000e+00 1.989999999999999858e+01 -2.000000000000000000e+01 5.900000000000000355e+00 -8.000000000000000000e+00 -8.000000000000000000e+00 5.900000000000000355e+00 3.900000000000000355e+00 -4.000000000000000000e+00 -8.000000000000000000e+00 -4.000000000000000000e+00 3.900000000000000355e+00 -4.000000000000000000e+00 3.900000000000000355e+00 9.000000000000001332e-01 -4.000000000000000000e+00 -4.000000000000000000e+00 3.900000000000000355e+00
0.000000000000000000e+00 -4.000000000000000000e+00 -4.000000000000000000e+00 -4.000000000000000000e+00 8.000000000000000000e+00 -1.009999999999999964e+01 5.900000000000000355e+00 7.900000000000000355e+00 7.900000000000000355e+00 5.900000000000000355e+00 -4.000000000000000000e+00 -4.000000000000000000e+00 -8.000000000000000000e+00 3.900000000000000355e+00 3.900000000000000355e+00 -4.000000000000000000e+00 3.900000000000000355e+00 -1.000000000000000000e+00 -4.000000000000000000e+00 -4.000000000000000000e+00 3.900000000000000355e+00
0.000000000000000000e+00 -4.000000000000000000e+00 -4.000000000000000000e+00 3.900000000000000355e+00 8.000000000000000000e+00 -2.000000000000000000e+01 -6.000000000000000000e+00 -8.000000000000000000e+00 -8.000000000000000000e+00 5.900000000000000355e+00 3.900000000000000355e+00 -4.000000000000000000e+00 1.900000000000000355e+00 -4.000000000000000000e+00 3.900000000000000355e+00 -4.000000000000000000e+00 -4.000000000000000000e+00 -1.000000000000000000e+00 -4.000000000000000000e+00 3.900000000000000355e+00 -4.000000000000000000e+00
0.000000000000000000e+00 3.900000000000000355e+00 -4.000000000000000000e+00 -4.000000000000000000e+00 8.000000000000000000e+00 -1.009999999999999964e+01 5.900000000000000355e+00 -8.000000000000000000e+00 7.900000000000000355e+00 5.900000000000000355e+00 3.900000000000000355e+00 3.900000000000000355e+00 1.900000000000000355e+00 -4.000000000000000000e+00 3.900000000000000355e+00 3.900000000000000355e+00 3.900000000000000355e+00 -1.000000000000000000e+00 3.900000000000000355e+00 -4.000000000000000000e+00 3.900000000000000355e+00
9.000000000000000222e-01 -4.000000000000000000e+00 3.900000000000000355e+00 -4.000000000000000000e+00 8.000000000000000000e+00 -1.009999999999999964e+01 -6.000000000000000000e+00 -8.000000000000000000e+00 -8.000000000000000000e+00 5.900000000000000355e+00 -4.000000000000000000e+00 3.900000000000000355e+00 1.900000000000000355e+00 3.900000000000000355e+00 3.900000000000000355e+00 -4.000000000000000000e+00 -4.000000000000000000e+00 9.000000000000001332e-01 3.900000000000000355e+00 3.900000000000000355e+00 -4.000000000000000000e+00
9.000000000000000222e-01 3.900000000000000355e+00 -4.000000000000000000e+00 3.900000000000000355e+00 8.000000000000000000e+00 -1.009999999999999964e+01 5.900000000000000355e+00 7.900000000000000355e+00 7.900000000000000355e+00 -6.000000000000000000e+00 -4.000000000000000000e+00 -4.000000000000000000e+00 1.900000000000000355e+00 -4.000000000000000000e+00 3.900000000000000355e+00 3.900000000000000355e+00 3.900000000000000355e+00 -1.000000000000000000e+00 -4.000000000000000000e+00 -4.000000000000000000e+00 -4.000000000000000000e+00
0.000000000000000000e+00 3.900000000000000355e+00 3.900000000000000355e+00 3.900000000000000355e+00 8.000000000000000000e+00 -1.009999999999999964e+01 -6.000000000000000000e+00 -8.000000000000000000e+00 7.900000000000000355e+00 -6.000000000000000000e+00 -4.000000000000000000e+00 3.900000000000000355e+00 -8.000000000000000000e+00 3.900000000000000355e+00 3.900000000000000355e+00 3.900000000000000355e+00 -4.000000000000000000e+00 9.000000000000001332e-01 -4.000000000000000000e+00 -4.000000000000000000e+00 3.900000000000000355e+00
9.000000000000000222e-01 3.900000000000000355e+00 3.900000000000000355e+00 3.900000000000000355e+00 1.989999999999999858e+01 -2.000000000000000000e+01 -6.000000000000000000e+00 -8.000000000000000000e+00 -8.000000000000000000e+00 5.900000000000000355e+00 3.900000000000000355e+00 3.900000000000000355e+00 1.900000000000000355e+00 -4.000000000000000000e+00 3.900000000000000355e+00 -4.000000000000000000e+00 3.900000000000000355e+00 9.000000000000001332e-01 -4.000000000000000000e+00 -4.000000000000000000e+00 3.900000000000000355e+00
0.000000000000000000e+00 -4.000000000000000000e+00 -4.000000000000000000e+00 3.900000000000000355e+00 8.000000000000000000e+00 -1.009999999999999964e+01 5.900000000000000355e+00 7.900000000000000355e+00 -8.000000000000000000e+00 -6.000000000000000000e+00 3.900000000000000355e+00 3.900000000000000355e+00 -8.000000000000000000e+00 -4.000000000000000000e+00 -4.000000000000000000e+00 3.900000000000000355e+00 -4.000000000000000000e+00 -1.000000000000000000e+00 -4.000000000000000000e+00 -4.000000000000000000e+00 3.900000000000000355e+00
0.000000000000000000e+00 3.900000000000000355e+00 -4.000000000000000000e+00 -4.000000000000000000e+00 8.000000000000000000e+00 -2.000000000000000000e+01 -6.000000000000000000e+00 -8.000000000000000000e+00 -8.000000000000000000e+00 -6.000000000000000000e+00 -4.000000000000000000e+00 -4.000000000000000000e+00 -8.000000000000000000e+00 3.900000000000000355e+00 3.900000000000000355e+00 3.900000000000000355e+00 3.900000000000000355e+00 9.000000000000001332e-01 -4.000000000000000000e+00 3.900000000000000355e+00 3.900000000000000355e+00
9.000000000000000222e-01 3.900000000000000355e+00 -4.000000000000000000e+00 -4.000000000000000000e+00 1.989999999999999858e+01 -2.000000000000000000e+01 -6.000000000000000000e+00 7.900000000000000355e+00 -8.000000000000000000e+00 5.900000000000000355e+00 3.900000000000000355e+00 -4.000000000000000000e+00 1.900000000000000355e+00 -4.000000000000000000e+00 -4.000000000000000000e+00 -4.000000000000000000e+00 3.900000000000000355e+00 9.000000000000001332e-01 3.900000000000000355e+00 3.900000000000000355e+00 -4.000000000000000000e+00
9.000000000000000222e-01 -4.000000000000000000e+00 -4.000000000000000000e+00 3.900000000000000355e+00 1.989999999999999858e+01 -1.009999999999999964e+01 5.900000000000000355e+00 7.900000000000000355e+00 7.900000000000000355e+00 -6.000000000000000000e+00 -4.000000000000000000e+00 -4.000000000000000000e+00 -8.000000000000000000e+00 3.900000000000000355e+00 -4.000000000000000000e+00 3.900000000000000355e+00 -4.000000000000000000e+00 -1.000000000000000000e+00 -4.000000000000000000e+00 3.900000000000000355e+00 3.900000000000000355e+00
0.000000000000000000e+00 3.900000000000000355e+00 3.900000000000000355e+00 -4.000000000000000000e+00 1.989999999999999858e+01 -2.000000000000000000e+01 -6.000000000000000000e+00 -8.000000000000000000e+00 7.900000000000000355e+00 -6.000000000000000000e+00 3.900000000000000355e+00 -4.000000000000000000e+00 1.900000000000000355e+00 -4.000000000000000000e+00 -4.000000000000000000e+00 -4.000000000000000000e+00 3.900000000000000355e+00 -1.000000000000000000e+00 -4.000000000000000000e+00 3.900000000000000355e+00 3.900000000000000355e+00
0.000000000000000000e+00 3.900000000000000355e+00 3.900000000000000355e+00 3.900000000000000355e+00 1.989999999999999858e+01 -1.009999999999999964e+01 -6.000000000000000000e+00 7.900000000000000355e+00 7.900000000000000355e+00 5.900000000000000355e+00 -4.000000000000000000e+00 3.900000000000000355e+00 1.900000000000000355e+00 3.900000000000000355e+00 3.900000000000000355e+00 -4.000000000000000000e+00 -4.000000000000000000e+00 -1.000000000000000000e+00 -4.000000000000000000e+00 -4.000000000000000000e+00 -4.000000000000000000e+00
9.000000000000000222e-01 -4.000000000000000000e+00 -4.000000000000000000e+00 -4.000000000000000000e+00 8.000000000000000000e+00 -2.000000000000000000e+01 5.900000000000000355e+00 -8.000000000000000000e+00 -8.000000000000000000e+00 5.900000000000000355e+00 -4.000000000000000000e+00 -4.000000000000000000e+00 1.900000000000000355e+00 3.900000000000000355e+00 -4.000000000000000000e+00 -4.000000000000000000e+00 3.900000000000000355e+00 -1.000000000000000000e+00 3.900000000000000355e+00 -4.000000000000000000e+00 -4.000000000000000000e+00
0.000000000000000000e+00 -4.000000000000000000e+00 -4.000000000000000000e+00 3.900000000000000355e+00 8.000000000000000000e+00 -2.000000000000000000e+01 -6.000000000000000000e+00 -8.000000000000000000e+00 7.900000000000000355e+00 5.900000000000000355e+00 3.900000000000000355e+00 3.900000000000000355e+00 -8.000000000000000000e+00 3.900000000000000355e+00 3.900000000000000355e+00 3.900000000000000355e+00 -4.000000000000000000e+00 9.000000000000001332e-01 3.900000000000000355e+00 -4.000000000000000000e+00 -4.000000000000000000e+00
9.000000000000000222e-01 3.900000000000000355e+00 3.900000000000000355e+00 3.900000000000000355e+00 1.989999999999999858e+01 -2.000000000000000000e+01 5.900000000000000355e+00 -8.000000000000000000e+00 -8.000000000000000000e+00 5.900000000000000355e+00 3.900000000000000355e+00 3.900000000000000355e+00 -8.000000000000000000e+00 -4.000000000000000000e+00 -4.000000000000000000e+00 3.900000000000000355e+00 -4.000000000000000000e+00 -1.000000000000000000e+00 -4.000000000000000000e+00 3.900000000000000355e+00 -4.000000000000000000e+00
0.000000000000000000e+00 -4.000000000000000000e+00 -4.000000000000000000e+00 -4.000000000000000000e+00 8.000000000000000000e+00 -2.000000000000000000e+01 -6.000000000000000000e+00 7.900000000000000355e+00 7.900000000000000355e+00 5.900000000000000355e+00 -4.000000000000000000e+00 3.900000000000000355e+00 1.900000000000000355e+00 3.900000000000000355e+00 -4.000000000000000000e+00 3.900000000000000355e+00 3.900000000000000355e+00 9.000000000000001332e-01 -4.000000000000000000e+00 3.900000000000000355e+00 3.900000000000000355e+00
0.000000000000000000e+00 -4.000000000000000000e+00 -4.000000000000000000e+00 3.900000000000000355e+00 8.000000000000000000e+00 -1.009999999999999964e+01 -6.000000000000000000e+00 -8.000000000000000000e+00 -8.000000000000000000e+00 5.900000000000000355e+00 -4.000000000000000000e+00 -4.000000000000000000e+00 -8.000000000000000000e+00 -4.000000000000000000e+00 3.900000000000000355e+00 3.900000000000000355e+00 3.900000000000000355e+00 9.000000000000001332e-01 3.900000000000000355e+00 3.900000000000000355e+00 3.900000000000000355e+00
9.000000000000000222e-01 -4.000000000000000000e+00 -4.000000000000000000e+00 3.900000000000000355e+00 8.000000000000000000e+00 -1.009999999999999964e+01 5.900000000000000355e+00 -8.000000000000000000e+00 -8.000000000000000000e+00 -6.000000000000000000e+00 3.900000000000000355e+00 -4.000000000000000000e+00 1.900000000000000355e+00 3.900000000000000355e+00 -4.000000000000000000e+00 3.900000000000000355e+00 3.900000000000000355e+00 -1.000000000000000000e+00 -4.000000000000000000e+00 -4.000000000000000000e+00 3.900000000000000355e+00
0.000000000000000000e+00 3.900000000000000355e+00 -4.000000000000000000e+00 -4.000000000000000000e+00 1.989999999999999858e+01 -1.009999999999999964e+01 5.900000000000000355e+00 -8.000000000000000000e+00 -8.000000000000000000e+00 5.900000000000000355e+00 3.900000000000000355e+00 -4.000000000000000000e+00 -8.000000000000000000e+00 -4.000000000000000000e+00 -4.000000000000000000e+00 -4.000000000000000000e+00 -4.000000000000000000e+00 -1.000000000000000000e+00 -4.000000000000000000e+00 -4.000000000000000000e+00 3.900000000000000355e+00
0.000000000000000000e+00 -4.000000000000000000e+00 -4.000000000000000000e+00 3.900000000000000355e+00 1.989999999999999858e+01 -1.009999999999999964e+01 5.900000000000000355e+00 7.900000000000000355e+00 7.900000000000000355e+00 -6.000000000000000000e+00 3.900000000000000355e+00 3.900000000000000355e+00 -8.000000000000000000e+00 3.900000000000000355e+00 3.900000000000000355e+00 3.900000000000000355e+00 3.900000000000000355e+00 9.000000000000001332e-01 3.900000000000000355e+00 -4.000000000000000000e+00 3.900000000000000355e+00
0.000000000000000000e+00 -4.000000000000000000e+00 -4.000000000000000000e+00 3.900000000000000355e+00 8.000000000000000000e+00 -2.000000000000000000e+01 -6.000000000000000000e+00 7.900000000000000355e+00 -8.000000000000000000e+00 -6.000000000000000000e+00 -4.000000000000000000e+00 3.900000000000000355e+00 1.900000000000000355e+00 -4.000000000000000000e+00 -4.000000000000000000e+00 -4.000000000000000000e+00 -4.000000000000000000e+00 -1.000000000000000000e+00 3.900000000000000355e+00 -4.000000000000000000e+00 3.900000000000000355e+00
9.000000000000000222e-01 -4.000000000000000000e+00 3.900000000000000355e+00 3.900000000000000355e+00 8.000000000000000000e+00 -1.009999999999999964e+01 -6.000000000000000000e+00 7.900000000000000355e+00 7.900000000000000355e+00 -6.000000000000000000e+00 -4.000000000000000000e+00 3.900000000000000355e+00 -8.000000000000000000e+00 -4.000000000000000000e+00 -4.000000000000000000e+00 -4.000000000000000000e+00 3.900000000000000355e+00 9.000000000000001332e-01 3.900000000000000355e+00 3.900000000000000355e+00 -4.000000000000000000e+00
9.000000000000000222e-01 3.900000000000000355e+00 3.900000000000000355e+00 -4.000000000000000000e+00 8.000000000000000000e+00 -1.009999999999999964e+01 -6.000000000000000000e+00 7.900000000000000355e+00 -8.000000000000000000e+00 5.900000000000000355e+00 3.900000000000000355e+00 -4.000000000000000000e+00 -8.000000000000000000e+00 -4.000000000000000000e+00 3.900000000000000355e+00 3.900000000000000355e+00 3.900000000000000355e+00 9.000000000000001332e-01 3.900000000000000355e+00 -4.000000000000000000e+00 -4.000000000000000000e+00
9.000000000000000222e-01 -4.000000000000000000e+00 3.900000000000000355e+00 -4.000000000000000000e+00 8.000000000000000000e+00 -2.000000000000000000e+01 -6.000000000000000000e+00 -8.000000000000000000e+00 7.900000000000000355e+00 -6.000000000000000000e+00 -4.000000000000000000e+00 3.900000000000000355e+00 -8.000000000000000000e+00 3.900000000000000355e+00 3.900000000000000355e+00 3.900000000000000355e+00 3.900000000000000355e+00 -1.000000000000000000e+00 3.900000000000000355e+00 -4.000000000000000000e+00 3.900000000000000355e+00
9.000000000000000222e-01 3.900000000000000355e+00 3.900000000000000355e+00 -4.000000000000000000e+00 8.000000000000000000e+00 -1.009999999999999964e+01 -6.000000000000000000e+00 7.900000000000000355e+00 7.900000000000000355e+00 -6.000000000000000000e+00 3.900000000000000355e+00 -4.000000000000000000e+00 -8.000000000000000000e+00 3.900000000000000355e+00 -4.000000000000000000e+00 -4.000000000000000000e+00 -4.000000000000000000e+00 9.000000000000001332e-01 -4.000000000000000000e+00 -4.000000000000000000e+00 -4.000000000000000000e+00
9.000000000000000222e-01 -4.000000000000000000e+00 3.900000000000000355e+00 3.900000000000000355e+00 1.989999999999999858e+01 -1.009999999999999964e+01 5.900000000000000355e+00 7.900000000000000355e+00 7.900000000000000355e+00 5.900000000000000355e+00 3.900000000000000355e+00 3.900000000000000355e+00 1.900000000000000355e+00 -4.000000000000000000e+00 3.900000000000000355e+00 -4.000000000000000000e+00 3.900000000000000355e+00 9.000000000000001332e-01 3.900000000000000355e+00 3.900000000000000355e+00 -4.000000000000000000e+00
9.000000000000000222e-01 3.900000000000000355e+00 3.900000000000000355e+00 3.900000000000000355e+00 8.000000000000000000e+00 -2.000000000000000000e+01 5.900000000000000355e+00 7.900000000000000355e+00 -8.000000000000000000e+00 5.900000000000000355e+00 -4.000000000000000000e+00 3.900000000000000355e+00 -8.000000000000000000e+00 3.900000000000000355e+00 3.900000000000000355e+00 3.900000000000000355e+00 3.900000000000000355e+00 9.000000000000001332e-01 -4.000000000000000000e+00 -4.000000000000000000e+00 -4.000000000000000000e+00
9.000000000000000222e-01 -4.000000000000000000e+00 -4.000000000000000000e+00 3.900000000000000355e+00 8.000000000000000000e+00 -1.009999999999999964e+01 5.900000000000000355e+00 7.900000000000000355e+00 7.900000000000000355e+00 5.900000000000000355e+00 3.900000000000000355e+00 3.900000000000000355e+00 -8.000000000000000000e+00 -4.000000000000000000e+00 -4.000000000000000000e+00 -4.000000000000000000e+00 -4.000000000000000000e+00 9.000000000000001332e-01 3.900000000000000355e+00 -4.000000000000000000e+00 3.900000000000000355e+00
0.000000000000000000e+00 3.900000000000000355e+00 3.900000000000000355e+00 -4.000000000000000000e+00 8.000000000000000000e+00 -2.000000000000000000e+01 -6.000000000000000000e+00 7.900000000000000355e+00 -8.000000000000000000e+00 5.900000000000000355e+00 -4.000000000000000000e+00 -4.000000000000000000e+00 1.900000000000000355e+00 -4.000000000000000000e+00 3.900000000000000355e+00 -4.000000000000000000e+00 3.900000000000000355e+00 9.000000000000001332e-01 3.900000000000000355e+00 -4.000000000000000000e+00 3.900000000000000355e+00
9.000000000000000222e-01 -4.000000000000000000e+00 -4.000000000000000000e+00 -4.000000000000000000e+00 8.000000000000000000e+00 -2.000000000000000000e+01 5.900000000000000355e+00 7.900000000000000355e+00 7.900000000000000355e+00 -6.000000000000000000e+00 3.900000000000000355e+00 3.900000000000000355e+00 -8.000000000000000000e+00 -4.000000000000000000e+00 3.900000000000000355e+00 -4.000000000000000000e+00 -4.000000000000000000e+00 -1.000000000000000000e+00 -4.000000000000000000e+00 3.900000000000000355e+00 -4.000000000000000000e+00
0.000000000000000000e+00 3.900000000000000355e+00 -4.000000000000000000e+00 3.900000000000000355e+00 1.989999999999999858e+01 -2.000000000000000000e+01 5.900000000000000355e+00 -8.000000000000000000e+00 7.900000000000000355e+00 5.900000000000000355e+00 3.900000000000000355e+00 -4.000000000000000000e+00 1.900000000000000355e+00 -4.000000000000000000e+00 -4.000000000000000000e+00 3.900000000000000355e+00 -4.000000000000000000e+00 9.000000000000001332e-01 3.900000000000000355e+00 -4.000000000000000000e+00 -4.000000000000000000e+00
0.000000000000000000e+00 3.900000000000000355e+00 3.900000000000000355e+00 3.900000000000000355e+00 8.000000000000000000e+00 -1.009999999999999964e+01 5.900000000000000355e+00 -8.000000000000000000e+00 -8.000000000000000000e+00 5.900000000000000355e+00 -4.000000000000000000e+00 -4.000000000000000000e+00 -8.000000000000000000e+00 3.900000000000000355e+00 3.900000000000000355e+00 3.900000000000000355e+00 -4.000000000000000000e+00 -1.000000000000000000e+00 3.900000000000000355e+00 -4.000000000000000000e+00 3.900000000000000355e+00
0.000000000000000000e+00 -4.000000000000000000e+00 -4.000000000000000000e+00 -4.000000000000000000e+00 1.989999999999999858e+01 -1.009999999999999964e+01 -6.000000000000000000e+00 -8.000000000000000000e+00 7.900000000000000355e+00 -6.000000000000000000e+00 -4.000000000000000000e+00 -4.000000000000000000e+00 1.900000000000000355e+00 3.900000000000000355e+00 3.900000000000000355e+00 -4.000000000000000000e+00 3.900000000000000355e+00 9.000000000000001332e-01 3.900000000000000355e+00 -4.000000000000000000e+00 -4.000000000000000000e+00
0.000000000000000000e+00 -4.000000000000000000e+00 -4.000000000000000000e+00 -4.000000000000000000e+00 8.000000000000000000e+00 -2.000000000000000000e+01 -6.000000000000000000e+00 7.900000000000000355e+00 -8.000000000000000000e+00 5.900000000000000355e+00 3.900000000000000355e+00 -4.000000000000000000e+00 -8.000000000000000000e+00 -4.000000000000000000e+00 -4.000000000000000000e+00 3.900000000000000355e+00 3.900000000000000355e+00 9.000000000000001332e-01 -4.000000000000000000e+00 -4.000000000000000000e+00 3.900000000000000355e+00
9.000000000000000222e-01 3.900000000000000355e+00 3.900000000000000355e+00 3.900000000000000355e+00 1.989999999999999858e+01 -1.009999999999999964e+01 5.900000000000000355e+00 7.900000000000000355e+00 -8.000000000000000000e+00 -6.000000000000000000e+00 -4.000000000000000000e+00 3.900000000000000355e+00 -8.000000000000000000e+00 3.900000000000000355e+00 -4.000000000000000000e+00 -4.000000000000000000e+00 3.900000000000000355e+00 9.000000000000001332e-01 3.900000000000000355e+00 3.900000000000000355e+00 3.900000000000000355e+00
9.000000000000000222e-01 -4.000000000000000000e+00 -4.000000000000000000e+00 3.900000000000000355e+00 1.989999999999999858e+01 -2.000000000000000000e+01 -6.000000000000000000e+00 -8.000000000000000000e+00 7.900000000000000355e+00 -6.000000000000000000e+00 3.900000000000000355e+00 3.900000000000000355e+00 1.900000000000000355e+00 3.900000000000000355e+00 -4.000000000000000000e+00 -4.000000000000000000e+00 -4.000000000000000000e+00 -1.000000000000000000e+00 3.900000000000000355e+00 3.900000000000000355e+00 -4.000000000000000000e+00
0.000000000000000000e+00 3.900000000000000355e+00 -4.000000000000000000e+00 -4.000000000000000000e+00 1.989999999999999858e+01 -2.000000000000000000e+01 -6.000000000000000000e+00 7.900000000000000355e+00 7.900000000000000355e+00 5.900000000000000355e+00 3.900000000000000355e+00 3.900000000000000355e+00 -8.000000000000000000e+00 -4.000000000000000000e+00 3.900000000000000355e+00 3.900000000000000355e+00 3.900000000000000355e+00 9.000000000000001332e-01 -4.000000000000000000e+00 -4.000000000000000000e+00 3.900000000000000355e+00
9.000000000000000222e-01 -4.000000000000000000e+00 3.900000000000000355e+00 3.900000000000000355e+00 8.000000000000000000e+00 -1.009999999999999964e+01 5.900000000000000355e+00 7.900000000000000355e+00 7.900000000000000355e+00 5.900000000000000355e+00 -4.000000000000000000e+00 3.900000000000000355e+00 1.900000000000000355e+00 3.900000000000000355e+00 -4.000000000000000000e+00 3.900000000000000355e+00 -4.000000000000000000e+00 -1.000000000000000000e+00 3.900000000000000355e+00 -4.000000000000000000e+00 -4.000000000000000000e+00
0.000000000000000000e+00 3.900000000000000355e+00 -4.000000000000000000e+00 3.900000000000000355e+00 8.000000000000000000e+00 -1.009999999999999964e+01 5.900000000000000355e+00 -8.000000000000000000e+00 7.900000000000000355e+00 -6.000000000000000000e+00 -4.000000000000000000e+00 3.900000000000000355e+00 -8.000000000000000000e+00 -4.000000000000000000e+00 3.900000000000000355e+00 -4.000000000000000000e+00 3.900000000000000355e+00 9.000000000000001332e-01 3.900000000000000355e+00 3.900000000000000355e+00 -4.000000000000000000e+00
0.000000000000000000e+00 -4.000000000000000000e+00 3.900000000000000355e+00 3.900000000000000355e+00 1.989999999999999858e+01 -2.000000000000000000e+01 -6.000000000000000000e+00 7.900000000000000355e+00 -8.000000000000000000e+00 5.900000000000000355e+00 -4.000000000000000000e+00 -4.000000000000000000e+00 -8.000000000000000000e+00 3.900000000000000355e+00 -4.000000000000000000e+00 -4.000000000000000000e+00 3.900000000000000355e+00 9.000000000000001332e-01 3.900000000000000355e+00 3.900000000000000355e+00 -4.000000000000000000e+00
9.000000000000000222e-01 -4.000000000000000000e+00 3.900000000000000355e+00 -4.000000000000000000e+00 1.989999999999999858e+01 -2.000000000000000000e+01 -6.000000000000000000e+00 7.900000000000000355e+00 -8.000000000000000000e+00 5.900000000000000355e+00 3.900000000000000355e+00 3.900000000000000355e+00 1.900000000000000355e+00 -4.000000000000000000e+00 3.900000000000000355e+00 -4.000000000000000000e+00 -4.000000000000000000e+00 -1.000000000000000000e+00 3.900000000000000355e+00 3.900000000000000355e+00 3.900000000000000355e+00
9.000000000000000222e-01 -4.000000000000000000e+00 3.900000000000000355e+00 3.900000000000000355e+00 1.989999999999999858e+01 -2.000000000000000000e+01 5.900000000000000355e+00 7.900000000000000355e+00 7.900000000000000355e+00 -6.000000000000000000e+00 3.900000000000000355e+00 -4.000000000000000000e+00 1.900000000000000355e+00 3.900000000000000355e+00 3.900000000000000355e+00 -4.000000000000000000e+00 3.900000000000000355e+00 -1.000000000000000000e+00 -4.000000000000000000e+00 -4.000000000000000000e+00 3.900000000000000355e+00
0.000000000000000000e+00 3.900000000000000355e+00 -4.000000000000000000e+00 3.900000000000000355e+00 1.989999999999999858e+01 -2.000000000000000000e+01 5.900000000000000355e+00 7.900000000000000355e+00 -8.000000000000000000e+00 -6.000000000000000000e+00 3.900000000000000355e+00 -4.000000000000000000e+00 1.900000000000000355e+00 3.900000000000000355e+00 3.900000000000000355e+00 3.900000000000000355e+00 3.900000000000000355e+00 -1.000000000000000000e+00 3.900000000000000355e+00 3.900000000000000355e+00 3.900000000000000355e+00
0.000000000000000000e+00 -4.000000000000000000e+00 3.900000000000000355e+00 -4.000000000000000000e+00 1.989999999999999858e+01 -2.000000000000000000e+01 5.900000000000000355e+00 -8.000000000000000000e+00 -8.000000000000000000e+00 -6.000000000000000000e+00 3.900000000000000355e+00 3.900000000000000355e+00 1.900000000000000355e+00 3.900000000000000355e+00 3.900000000000000355e+00 -4.000000000000000000e+00 -4.000000000000000000e+00 9.000000000000001332e-01 -4.000000000000000000e+00 3.900000000000000355e+00 -4.000000000000000000e+00
