8.583047020324492404e-01
8.244169650577730657e-01
6.567448643709710154e-01
8.657702184405202672e-01
6.852386181677532218e-01
6.278226834445300719e-01
5.543036176806557247e-01
5.099750864879357692e-01
8.235230023347501760e-01
4.665910743273783412e-01
0.000000000000000000e+00
6.719955602314147125e-01
0.000000000000000000e+00
0.000000000000000000e+00
5.872671710421812907e-01
0.000000000000000000e+00
0.000000000000000000e+00
6.930108716304816951e-01
6.774769157084978843e-01
0.000000000000000000e+00
5.917578148035403940e-01
0.000000000000000000e+00
0.000000000000000000e+00
4.025342763479590191e-01
0.000000000000000000e+00
7.499016858033260569e-01
7.175451270489983102e-01
0.000000000000000000e+00
0.000000000000000000e+00
0.000000000000000000e+00
0.000000000000000000e+00
6.902380308376711016e-01
0.000000000000000000e+00
5.311084186242729377e-01
7.055387733404673289e-01
0.000000000000000000e+00
0.000000000000000000e+00
0.000000000000000000e+00
0.000000000000000000e+00
0.000000000000000000e+00
6.772600902415540913e-01
6.258432831768662163e-01
5.746898515697471677e-01
5.460698948935873709e-01
5.865129275955007770e-01
6.498287349358489173e-01
5.138104946643995419e-01
7.715187616985351715e-01
5.376185780875395448e-01
0.000000000000000000e+00
0.000000000000000000e+00
0.000000000000000000e+00
0.000000000000000000e+00
0.000000000000000000e+00
5.414321292843595756e-01
0.000000000000000000e+00
6.416586625245817022e-01
5.606259596827274372e-01
0.000000000000000000e+00
0.000000000000000000e+00
5.731777369167507796e-01
4.445694967131598174e-01
0.000000000000000000e+00
0.000000000000000000e+00
7.218811171565806539e-01
0.000000000000000000e+00
5.727838162853304826e-01
5.516431143960655037e-01
5.913914922625196358e-01
0.000000000000000000e+00
6.048248444209907149e-01
0.000000000000000000e+00
0.000000000000000000e+00
0.000000000000000000e+00
0.000000000000000000e+00
0.000000000000000000e+00
0.000000000000000000e+00
0.000000000000000000e+00
0.000000000000000000e+00
0.000000000000000000e+00
5.134590222187769282e-01
0.000000000000000000e+00
0.000000000000000000e+00
6.870539120394310029e-01
6.246772434166802945e-01
0.000000000000000000e+00
0.000000000000000000e+00
6.252995640703663538e-01
0.000000000000000000e+00
6.752590940308236256e-01
0.000000000000000000e+00
0.000000000000000000e+00
0.000000000000000000e+00
0.000000000000000000e+00
0.000000000000000000e+00
6.253123463277310279e-01
0.000000000000000000e+00
0.000000000000000000e+00
0.000000000000000000e+00
0.000000000000000000e+00
5.883017479908387859e-01
0.000000000000000000e+00
6.513490682110667507e-01
0.000000000000000000e+00
0.000000000000000000e+00
