0.000000000000000000e+00
0.000000000000000000e+00
0.000000000000000000e+00
0.000000000000000000e+00
7.006516995465443820e-01
0.000000000000000000e+00
7.194323413793159983e-01
6.549251225751550054e-01
7.257192117956816624e-01
0.000000000000000000e+00
0.000000000000000000e+00
7.318343000388163322e-01
0.000000000000000000e+00
8.399283770038760144e-01
0.000000000000000000e+00
0.000000000000000000e+00
0.000000000000000000e+00
6.206636994206109481e-01
0.000000000000000000e+00
0.000000000000000000e+00
0.000000000000000000e+00
6.047246744432566157e-01
7.034808698057175569e-01
0.000000000000000000e+00
0.000000000000000000e+00
6.391841191988826276e-01
0.000000000000000000e+00
0.000000000000000000e+00
0.000000000000000000e+00
0.000000000000000000e+00
0.000000000000000000e+00
0.000000000000000000e+00
0.000000000000000000e+00
0.000000000000000000e+00
6.500697850849729287e-01
7.240996478985359808e-01
0.000000000000000000e+00
0.000000000000000000e+00
0.000000000000000000e+00
0.000000000000000000e+00
0.000000000000000000e+00
6.675829689350397667e-01
0.000000000000000000e+00
6.466114639037978673e-01
8.428832829017797179e-01
0.000000000000000000e+00
6.758910776079831706e-01
0.000000000000000000e+00
0.000000000000000000e+00
0.000000000000000000e+00
7.358153364300620281e-01
6.611556601823016521e-01
0.000000000000000000e+00
0.000000000000000000e+00
0.000000000000000000e+00
0.000000000000000000e+00
0.000000000000000000e+00
0.000000000000000000e+00
0.000000000000000000e+00
6.930857833684718194e-01
0.000000000000000000e+00
6.539730280337903157e-01
0.000000000000000000e+00
0.000000000000000000e+00
0.000000000000000000e+00
4.922851242359541635e-01
5.793337167237417873e-01
0.000000000000000000e+00
0.000000000000000000e+00
0.000000000000000000e+00
0.000000000000000000e+00
0.000000000000000000e+00
0.000000000000000000e+00
0.000000000000000000e+00
6.871063399361712065e-01
0.000000000000000000e+00
0.000000000000000000e+00
7.372653312985391061e-01
0.000000000000000000e+00
0.000000000000000000e+00
0.000000000000000000e+00
0.000000000000000000e+00
0.000000000000000000e+00
0.000000000000000000e+00
0.000000000000000000e+00
0.000000000000000000e+00
0.000000000000000000e+00
6.443380264943606717e-01
0.000000000000000000e+00
5.764241019280984535e-01
0.000000000000000000e+00
0.000000000000000000e+00
0.000000000000000000e+00
0.000000000000000000e+00
0.000000000000000000e+00
0.000000000000000000e+00
0.000000000000000000e+00
0.000000000000000000e+00
0.000000000000000000e+00
6.897181466601431943e-01
0.000000000000000000e+00
0.000000000000000000e+00
0.000000000000000000e+00
0.000000000000000000e+00
0.000000000000000000e+00
6.572689053813297599e-01
0.000000000000000000e+00
6.294569087946040309e-01
6.505399458049201389e-01
0.000000000000000000e+00
0.000000000000000000e+00
0.000000000000000000e+00
6.124844572594440040e-01
0.000000000000000000e+00
0.000000000000000000e+00
0.000000000000000000e+00
0.000000000000000000e+00
0.000000000000000000e+00
0.000000000000000000e+00
0.000000000000000000e+00
0.000000000000000000e+00
6.368130461187032632e-01
5.715508327935285848e-01
6.882697288187584750e-01
0.000000000000000000e+00
0.000000000000000000e+00
6.521536770092128954e-01
7.192208647629063645e-01
0.000000000000000000e+00
0.000000000000000000e+00
0.000000000000000000e+00
0.000000000000000000e+00
0.000000000000000000e+00
0.000000000000000000e+00
0.000000000000000000e+00
0.000000000000000000e+00
0.000000000000000000e+00
0.000000000000000000e+00
0.000000000000000000e+00
0.000000000000000000e+00
0.000000000000000000e+00
0.000000000000000000e+00
0.000000000000000000e+00
6.686695305081142848e-01
0.000000000000000000e+00
0.000000000000000000e+00
0.000000000000000000e+00
6.310612140644621393e-01
0.000000000000000000e+00
0.000000000000000000e+00
0.000000000000000000e+00
5.550716135219595504e-01
0.000000000000000000e+00
0.000000000000000000e+00
0.000000000000000000e+00
0.000000000000000000e+00
6.846962183056857221e-01
6.582630438005491191e-01
0.000000000000000000e+00
0.000000000000000000e+00
6.924748912914997501e-01
0.000000000000000000e+00
0.000000000000000000e+00
0.000000000000000000e+00
6.957437917605981959e-01
0.000000000000000000e+00
0.000000000000000000e+00
0.000000000000000000e+00
0.000000000000000000e+00
0.000000000000000000e+00
0.000000000000000000e+00
0.000000000000000000e+00
6.353822275114184848e-01
0.000000000000000000e+00
0.000000000000000000e+00
0.000000000000000000e+00
0.000000000000000000e+00
0.000000000000000000e+00
6.206103491707948283e-01
0.000000000000000000e+00
0.000000000000000000e+00
0.000000000000000000e+00
0.000000000000000000e+00
0.000000000000000000e+00
0.000000000000000000e+00
6.896909515934868118e-01
6.539676645402017208e-01
6.822085672102917719e-01
0.000000000000000000e+00
6.277710403560521346e-01
0.000000000000000000e+00
0.000000000000000000e+00
0.000000000000000000e+00
0.000000000000000000e+00
0.000000000000000000e+00
6.495466970801010431e-01
0.000000000000000000e+00
0.000000000000000000e+00
0.000000000000000000e+00
0.000000000000000000e+00
0.000000000000000000e+00
0.000000000000000000e+00
0.000000000000000000e+00
0.000000000000000000e+00
7.409250256695212311e-01
0.000000000000000000e+00
0.000000000000000000e+00
0.000000000000000000e+00
0.000000000000000000e+00
0.000000000000000000e+00
0.000000000000000000e+00
5.600728567035652139e-01
0.000000000000000000e+00
0.000000000000000000e+00
0.000000000000000000e+00
6.492722508578594454e-01
0.000000000000000000e+00
0.000000000000000000e+00
0.000000000000000000e+00
0.000000000000000000e+00
0.000000000000000000e+00
0.000000000000000000e+00
0.000000000000000000e+00
0.000000000000000000e+00
4.385756616558177390e-01
0.000000000000000000e+00
0.000000000000000000e+00
6.752475648425739774e-01
0.000000000000000000e+00
0.000000000000000000e+00
0.000000000000000000e+00
0.000000000000000000e+00
0.000000000000000000e+00
6.582074375072308747e-01
0.000000000000000000e+00
0.000000000000000000e+00
0.000000000000000000e+00
0.000000000000000000e+00
0.000000000000000000e+00
0.000000000000000000e+00
6.993953122338649742e-01
0.000000000000000000e+00
0.000000000000000000e+00
0.000000000000000000e+00
0.000000000000000000e+00
0.000000000000000000e+00
0.000000000000000000e+00
0.000000000000000000e+00
0.000000000000000000e+00
0.000000000000000000e+00
8.269693298009899163e-01
0.000000000000000000e+00
0.000000000000000000e+00
0.000000000000000000e+00
6.785786954485287792e-01
0.000000000000000000e+00
0.000000000000000000e+00
0.000000000000000000e+00
0.000000000000000000e+00
0.000000000000000000e+00
0.000000000000000000e+00
0.000000000000000000e+00
0.000000000000000000e+00
0.000000000000000000e+00
5.870048013505801965e-01
0.000000000000000000e+00
0.000000000000000000e+00
0.000000000000000000e+00
0.000000000000000000e+00
0.000000000000000000e+00
0.000000000000000000e+00
0.000000000000000000e+00
6.397018127379762165e-01
0.000000000000000000e+00
0.000000000000000000e+00
6.727041335628534124e-01
0.000000000000000000e+00
0.000000000000000000e+00
0.000000000000000000e+00
0.000000000000000000e+00
0.000000000000000000e+00
0.000000000000000000e+00
0.000000000000000000e+00
0.000000000000000000e+00
0.000000000000000000e+00
0.000000000000000000e+00
0.000000000000000000e+00
0.000000000000000000e+00
0.000000000000000000e+00
0.000000000000000000e+00
0.000000000000000000e+00
0.000000000000000000e+00
0.000000000000000000e+00
0.000000000000000000e+00
0.000000000000000000e+00
0.000000000000000000e+00
0.000000000000000000e+00
0.000000000000000000e+00
0.000000000000000000e+00
6.467833687151816058e-01
0.000000000000000000e+00
0.000000000000000000e+00
6.500620356512695208e-01
0.000000000000000000e+00
0.000000000000000000e+00
0.000000000000000000e+00
0.000000000000000000e+00
0.000000000000000000e+00
0.000000000000000000e+00
7.700428752233297036e-01
5.657152417266417821e-01
6.368374911538359218e-01
0.000000000000000000e+00
0.000000000000000000e+00
4.624712252850585736e-01
6.037234596005729426e-01
6.957388026215511889e-01
5.434271881711567609e-01
5.925621910231997358e-01
5.286313184397088971e-01
5.255632135794767734e-01
6.415234479864555528e-01
5.475805750667226413e-01
5.362683565468442382e-01
3.490594646818619973e-01
6.773158251392774609e-01
6.899573795654363462e-01
8.909419052750819912e-01
7.497554628848719371e-01
5.054100417188671646e-01
7.724817535876522534e-01
5.443511621265104683e-01
7.736634820606136387e-01
7.582315596847375438e-01
7.528660843512942069e-01
4.343129848240860902e-01
6.829617579533990845e-01
7.437290148275165214e-01
6.919578328255990840e-01
6.959487532564427870e-01
6.642422339354722149e-01
7.409909483289366383e-01
7.553998140183555421e-01
7.336358783564786989e-01
7.541947720550630230e-01
6.285974001499687880e-01
6.700326979390274218e-01
4.731324778704605327e-01
6.521969080082248293e-01
4.482409372688321847e-01
7.094464132070967821e-01
7.341704857890387625e-01
7.575260123342288932e-01
4.726328772347210272e-01
4.855681300610108497e-01
7.007377118242765768e-01
6.668532607990046435e-01
6.167393746743761174e-01
7.592723017001126173e-01
7.601301243120094364e-01
7.237531441972508972e-01
7.443166133536597284e-01
6.965332041100462668e-01
7.440413982859239717e-01
7.586668322760525829e-01
7.132829310287627234e-01
7.442541301517693331e-01
5.532445906815344205e-01
6.276594816207736738e-01
6.818334765350635429e-01
7.261387613563539123e-01
5.359990084334860239e-01
6.123481849777258068e-01
6.966847227189230107e-01
6.385244164109470377e-01
7.145510021405905299e-01
4.713570206690722575e-01
6.307409655517924874e-01
7.100214015467736228e-01
7.168298370619814452e-01
7.740282996857619224e-01
7.316027985181206006e-01
7.389738432067256557e-01
6.556366431338456202e-01
7.526012360794521738e-01
6.143975097714017286e-01
8.248092569709253308e-01
6.603314795418955274e-01
7.370149587527659030e-01
7.285882169039210599e-01
3.518944195410773634e-01
6.243973210149185160e-01
6.946506171306954247e-01
5.391812038071751578e-01
5.696104831593060691e-01
6.341359751933021149e-01
6.522601343628978698e-01
6.580835632993611295e-01
5.514794449683528832e-01
4.946247694128618200e-01
7.005517487735253290e-01
6.400546491734081522e-01
5.934434685224649897e-01
6.839798632767266628e-01
7.387977100796512264e-01
5.817565406563947050e-01
7.635065617804799309e-01
5.145027429525066420e-01
6.422609968032249039e-01
6.969524514525005099e-01
6.017927163943942448e-01
6.671890155558152236e-01
5.846028873401349912e-01
6.795567233998772716e-01
6.617550922538260050e-01
7.639367094757267829e-01
7.582138205091861760e-01
6.388263369400349889e-01
6.407417414068579120e-01
7.523161226981915917e-01
4.187534767623375398e-01
4.761015339819154590e-01
7.313445969703600280e-01
7.634843641317141660e-01
4.523923227955157778e-01
6.324235639217005156e-01
6.590823273070094412e-01
7.233164013531436787e-01
6.810347855716575305e-01
5.006611375462745039e-01
7.741670711959094398e-01
6.768692478502829069e-01
8.137582403217092919e-01
6.459121557525149271e-01
7.574995689735083415e-01
5.774224647926222698e-01
6.183861862116502017e-01
6.378917351647550582e-01
3.774557602172434745e-01
5.826997516643682706e-01
5.706105080766201709e-01
7.217675553414799605e-01
5.879096712256675072e-01
5.356042113480234956e-01
7.048355593345614345e-01
4.246964208658864370e-01
6.355702767527142694e-01
4.736157248196376512e-01
6.322009702955248001e-01
3.865602274217124767e-01
5.208016808800562947e-01
5.938592088199674546e-01
4.490857910174032019e-01
7.615856317396785258e-01
6.836798015799375738e-01
4.486933991147824541e-01
5.861370307819158132e-01
5.556723821483717796e-01
7.508479216499130970e-01
6.833183261872538550e-01
6.570603768882028461e-01
6.692711739218678568e-01
7.158139046177900422e-01
7.453997741729616600e-01
8.179066067622376979e-01
6.481318914372347084e-01
7.425090613866178746e-01
6.904340047242872869e-01
6.361093192853672917e-01
6.507353320576677591e-01
6.806032332401983354e-01
6.695148040716173421e-01
6.434963349791592568e-01
6.605189486297019519e-01
6.788033157063126932e-01
7.248498619883656513e-01
7.483510733077055610e-01
5.063509951011573307e-01
5.508701390061621073e-01
5.399337486261144292e-01
5.857791773035143645e-01
6.288374698611823854e-01
7.260750417327832551e-01
6.308119113906971442e-01
6.658314451625719776e-01
6.469953012881914933e-01
5.572025080230369465e-01
8.204957772492910140e-01
6.826033238060906783e-01
6.846814602856824417e-01
6.358623507044471879e-01
4.078032253493379944e-01
6.771286472180578775e-01
7.286041663621126707e-01
7.385662160856145686e-01
6.083269375305248028e-01
6.787983662356111836e-01
6.774840702650667401e-01
5.131354057443044958e-01
6.838696913481290274e-01
6.719415417131047175e-01
5.749174494288521453e-01
6.621665140116721471e-01
6.127763812750748329e-01
6.641029383459137181e-01
6.710328689221878307e-01
2.892954200027957334e-01
5.055356793048276787e-01
6.806925003123155404e-01
6.703947521133277743e-01
6.124078425707124573e-01
5.691943670627072072e-01
6.461582627035848958e-01
6.980618393550164225e-01
6.924484577572214139e-01
6.057771120707065027e-01
7.034365609554709131e-01
4.877677846967471975e-01
7.771343973516324777e-01
5.617049021033595491e-01
6.322656419917354054e-01
7.359581151356318074e-01
7.515171300813376920e-01
6.732329079583529996e-01
7.000970799621910601e-01
5.924726033770049138e-01
6.782379870130508248e-01
7.176616315075794450e-01
7.623303424324883171e-01
6.228880184742382475e-01
7.287024739381644522e-01
6.636513555130767461e-01
5.490369177805305423e-01
5.604158702088298805e-01
5.697186357156261982e-01
5.906258282261194203e-01
6.400936338603947506e-01
7.490342847576070273e-01
6.897476625527174665e-01
7.217023043953272321e-01
7.236690126641860399e-01
6.570842289818935589e-01
5.801755810910966815e-01
6.137485645853749672e-01
7.581434188870836977e-01
6.490972216964758790e-01
6.182386673230018115e-01
4.752304857267020122e-01
6.348073623818293321e-01
6.580033676330157011e-01
6.071411137838724770e-01
7.424328049545949604e-01
6.124990185961913802e-01
5.102743132679492533e-01
6.569225423998277247e-01
6.028485997844348354e-01
7.146527116267582525e-01
7.422405826840776655e-01
7.863984914744730492e-01
6.080272792562773088e-01
6.348031097455062444e-01
6.013236990996069231e-01
6.367152193369850499e-01
6.545545233614677993e-01
5.752515002050260229e-01
6.861551461949191300e-01
5.917111140436712713e-01
5.840558508024042972e-01
6.913250389795442263e-01
6.520939941410072160e-01
6.983963621925273202e-01
5.951404324224646158e-01
7.214444611045509603e-01
7.835556979451006043e-01
6.689130988862646010e-01
6.760262292084080471e-01
6.757150234282645052e-01
6.282330830587427029e-01
7.098258542016049333e-01
6.005647561371151300e-01
6.493724154564290973e-01
6.613887706793322163e-01
6.145629481792014293e-01
7.378116874337403708e-01
7.051514637390980944e-01
6.695008954914549726e-01
5.023176327607783431e-01
6.701305049158250426e-01
4.599397543380803199e-01
6.144812976558358120e-01
6.801407588579997388e-01
7.075029639472512066e-01
7.541064422768499753e-01
6.790615617509072610e-01
4.396383962604413220e-01
3.834219966326414264e-01
6.321394718252213440e-01
6.839820402967833335e-01
6.974539431461800332e-01
7.668551338224660618e-01
7.562391916712655204e-01
6.869682223383005715e-01
7.355886133648354974e-01
6.783357025883567371e-01
6.759328692310504483e-01
6.117967256027270206e-01
6.402291742592860491e-01
5.335856512321869305e-01
7.117860295750231270e-01
3.773137588392651010e-01
6.303717496501866080e-01
6.717805813159545281e-01
7.747661735668166516e-01
5.715314373312356810e-01
6.209467863484638972e-01
7.034845812417873656e-01
6.619668980278577974e-01
7.452747041182654630e-01
6.937786771528322571e-01
4.943342536888737371e-01
6.688650995524199061e-01
6.684192930789635279e-01
7.390263380903204782e-01
3.839941378835761698e-01
6.773607471514314637e-01
5.776540691253775339e-01
6.501587196532059298e-01
7.250987436653625329e-01
4.433631319531413650e-01
4.449372091221196479e-01
4.791725913463821263e-01
5.764750779368305045e-01
4.570119171589941409e-01
7.479193097780121313e-01
6.835807535214778463e-01
5.189330027281331414e-01
6.023837132819886975e-01
7.653696854648087688e-01
4.085161873677473077e-01
7.081262448996425984e-01
6.955089216013833342e-01
6.682801531694115837e-01
6.442959049015049011e-01
6.899659267581284006e-01
6.130375953104122422e-01
6.394865113190620898e-01
6.761416468457495110e-01
6.971105016526644160e-01
6.766345756020399893e-01
7.610096104145402940e-01
2.471025849931983709e-01
5.500598080757940211e-01
7.350008971549695236e-01
7.958212330158063175e-01
7.874659509806417601e-01
5.219088980110142550e-01
7.172545936731231642e-01
7.141546331266626080e-01
6.980363998403782411e-01
5.472297618693822141e-01
3.560069871458563240e-01
6.247915692227934414e-01
3.455874851575940765e-01
6.487660584483284643e-01
6.172376381562225678e-01
7.296830366959405900e-01
6.604087643238349958e-01
6.584490201016317545e-01
6.217942125560844691e-01
6.438420805577456107e-01
5.023750948208616229e-01
6.873779334531067153e-01
6.295475367430524161e-01
7.087777262717021021e-01
6.749439027864286844e-01
6.642027545420361445e-01
6.616882643647292728e-01
6.728592236106982760e-01
6.584598408538887560e-01
3.266135801287162188e-01
6.973919018132564984e-01
6.343122914849421701e-01
7.400490273485591519e-01
5.726490649570943336e-01
6.860901981192709664e-01
6.630300419845165383e-01
6.642767605786726870e-01
6.334801015005129265e-01
6.440842088001161869e-01
6.523599338597177999e-01
7.005616884135779099e-01
5.902702393772938372e-01
6.061616228183219768e-01
6.590707458155129483e-01
7.873361374879925823e-01
6.942179826499970119e-01
6.715678181379034495e-01
6.440749728174506306e-01
7.276625968665487720e-01
6.648600706221323708e-01
6.522373580058495879e-01
6.853329696732496368e-01
6.822289286949816400e-01
6.929353103573169248e-01
6.406289641165011650e-01
7.280491911599185073e-01
7.350070103345771599e-01
4.554641863762652898e-01
8.569445395534645016e-01
5.956605699357957473e-01
8.232883177951483278e-01
6.231899334387076550e-01
5.498769436071644368e-01
5.319023986239345136e-01
6.845971755360569233e-01
6.312917495997365513e-01
6.462984075954716356e-01
6.613499059258044488e-01
7.056353775985320098e-01
6.016667367986521242e-01
7.588544222532280781e-01
6.401703105746788802e-01
6.547916970625209387e-01
8.957273541483832258e-01
6.018683728446727610e-01
5.248059532739345334e-01
7.850064655295452276e-01
6.952131534307464111e-01
6.724939070194138058e-01
6.838441480699497532e-01
6.313979188594219805e-01
6.693347722088094365e-01
6.561378484750519657e-01
7.026406133366567275e-01
5.918215777147439738e-01
7.619174725592634534e-01
7.449835118515646393e-01
6.351337704926227623e-01
6.566825654543961832e-01
6.066539153138410523e-01
6.718269959911974398e-01
6.648400997428078885e-01
8.032627641696352683e-01
7.046769390027161073e-01
5.747828523987803528e-01
4.825064472819232675e-01
6.214599715297680627e-01
7.405371371451655582e-01
5.704565358525526264e-01
7.543206020433363967e-01
6.484289756323540210e-01
7.199082075414170445e-01
6.650698906572825031e-01
7.260545772672621911e-01
7.997538363460361399e-01
5.139412118758097670e-01
7.946814005225631972e-01
6.935956838951909953e-01
7.970714846961617361e-01
6.111783791159328683e-01
6.788847472216632539e-01
6.469720718173491703e-01
9.014545383948502355e-01
6.858009785641043798e-01
7.151973457702431869e-01
5.116832793295664761e-01
7.850136272807038962e-01
6.785119156549013208e-01
6.153775087164943258e-01
6.797419361774263979e-01
8.480117451465002398e-01
6.259751687238268580e-01
7.044903184168243016e-01
6.277606386283098860e-01
6.369054593252460039e-01
7.033532611872945761e-01
6.373828162746589809e-01
5.996460618176585600e-01
5.444949930110896119e-01
5.259761780350549198e-01
7.179546042890588842e-01
5.829154981274309311e-01
7.297307525226512936e-01
6.544193820921768712e-01
7.796920971920854315e-01
5.417478548736937016e-01
6.305220358069054676e-01
6.787033783467071313e-01
5.922881645411121054e-01
5.866628325702978319e-01
6.179664820374000112e-01
6.153272527141943060e-01
6.550773854009284136e-01
5.979553535456648694e-01
6.448236785871714893e-01
5.811940458761193362e-01
8.249617424114633613e-01
7.147455385172409859e-01
6.706225934701177671e-01
6.390602789905294179e-01
5.068939652799143714e-01
7.562335665684900565e-01
7.763878704917039908e-01
6.215067285258436547e-01
6.829755978193028376e-01
6.689979040890466910e-01
6.983230737425250023e-01
6.247414325176495753e-01
8.721875122616136178e-01
5.529860570635647399e-01
5.758986736614348789e-01
6.720552341230845439e-01
6.090637187378542539e-01
5.612544813689757106e-01
5.911824564704581952e-01
4.670908070301942328e-01
5.607946484861007219e-01
6.883579789352435307e-01
5.652575436393563191e-01
5.887133900547637522e-01
8.190032776953876104e-01
6.229403599832569194e-01
7.634908566600875357e-01
6.288468617883311573e-01
5.745259352338546455e-01
7.421372290482766143e-01
7.166700770058769265e-01
5.406404825538547732e-01
7.240460861805985138e-01
7.312939360676702361e-01
7.222494312925897830e-01
6.874605909099482659e-01
8.724337598481425315e-01
7.344375314098641194e-01
6.994675458526731227e-01
5.638398985222539128e-01
6.648858240048000079e-01
6.942868548721616850e-01
6.045600459405197080e-01
5.733024877322088209e-01
5.930111208233155295e-01
6.406638786820930687e-01
5.421579426151330594e-01
6.525335021343251496e-01
7.621807586842419546e-01
5.968012698041047503e-01
6.714716458971353719e-01
6.902484595128904887e-01
6.605251069635572625e-01
5.894968506857213297e-01
6.257249580965226210e-01
7.015046404450918649e-01
5.548531546672343939e-01
6.270317897149195741e-01
7.013975820357123414e-01
4.757894113932334967e-01
6.801957298308434208e-01
6.032695589142627046e-01
6.304533728890168165e-01
5.897536833753564967e-01
5.781427089073896131e-01
5.159587638053498848e-01
6.491457322586940970e-01
6.898583702409262219e-01
5.813696881258597626e-01
7.036587580154258781e-01
7.666970673669617486e-01
6.637072980012830303e-01
7.255570253266764302e-01
7.251609007072774560e-01
5.610034448919296590e-01
5.628665552761159541e-01
5.628526831215807658e-01
7.631469290163115371e-01
4.478525502542254344e-01
6.662627619908456644e-01
6.028405574772274234e-01
5.610511998671683376e-01
7.799694414845219637e-01
6.212452199949430875e-01
5.969947251888274575e-01
7.109544733636395941e-01
7.304979543479894755e-01
6.953474931827592354e-01
7.212475867945787877e-01
5.943834380073967916e-01
8.187077448594215490e-01
7.570156015723475962e-01
7.073035961385003567e-01
6.774272114754139595e-01
6.938443070729487516e-01
7.028991332736418407e-01
7.235180063893660307e-01
6.481040827254362924e-01
7.167421005585826732e-01
6.437115328882756504e-01
7.348449848689304620e-01
6.680982058647610966e-01
6.873788567338201538e-01
6.826092210381882186e-01
7.003819860912886552e-01
7.946556329024693222e-01
6.187763212265229296e-01
6.939364109982306683e-01
5.746869762084505506e-01
5.648154166298722245e-01
4.851055505541791435e-01
5.622304039202642434e-01
6.371265682642472949e-01
5.499222687588183334e-01
5.812747104193103365e-01
5.242588431196180121e-01
6.335111676192224373e-01
6.382990274474500403e-01
6.218880661027373913e-01
6.829519149298659553e-01
6.390936537171769682e-01
5.691254188670689107e-01
6.996365295964657172e-01
4.793150854514440784e-01
6.718001806568252299e-01
6.021866920274889790e-01
6.403499676900563653e-01
5.727157956613413425e-01
5.732933035484313322e-01
5.620719827525715306e-01
6.571588860509219865e-01
6.176699586459908353e-01
5.857599712393710689e-01
5.839160868616473099e-01
5.925034051549697978e-01
7.127056469900250324e-01
5.851033700774090907e-01
5.747005880956379542e-01
5.846621354697080220e-01
6.078515108232031006e-01
6.346871098192452543e-01
5.893848499006801855e-01
6.552049924243178447e-01
5.844589880811835725e-01
7.119606880650233283e-01
6.013716687594736765e-01
5.347972407672740847e-01
5.639177598637361566e-01
5.847627030359090483e-01
5.900715213068625786e-01
6.941959364666829835e-01
5.481180492954864647e-01
4.447149862343890980e-01
6.421280755244214156e-01
6.344161332668861730e-01
6.444945961972876614e-01
6.188070086145650572e-01
6.960071760787975848e-01
6.123820610309657075e-01
6.458507151291292825e-01
5.226116662145812164e-01
5.976641084929128489e-01
6.020013166114799308e-01
6.716860667643841376e-01
5.327732042833095427e-01
6.052004379504285492e-01
6.586969094042657291e-01
6.853720704293383426e-01
4.764662026470360967e-01
5.902402657783126783e-01
5.733539477744613588e-01
7.729669870470230464e-01
6.430054127133311148e-01
3.777158595264346053e-01
6.542050481624747116e-01
6.501793836063431975e-01
7.003789873368158059e-01
7.650748925169903458e-01
6.311730546320297730e-01
6.815946747287096041e-01
5.917816383418832427e-01
7.473493727557314337e-01
6.150607441418106669e-01
7.536719680995064286e-01
6.454264224127211902e-01
7.208382180995913657e-01
6.738457498898698939e-01
7.355220961921052902e-01
4.729885566288341003e-01
6.861164090016027561e-01
7.105588428775777565e-01
6.291990355209147179e-01
7.766911280724186906e-01
7.247221335821657506e-01
6.952333468787396109e-01
6.418716877983837721e-01
7.378946053586223908e-01
6.272408404991600683e-01
6.365885710705052603e-01
6.461129028210252923e-01
7.806660615832212713e-01
4.779137986264589966e-01
7.846759154070681586e-01
7.479141613095503516e-01
