8.394004046247052209e-01
4.425706955261946574e-01
-0.000000000000000000e+00
5.839606277047754146e-01
7.093751723708615620e-01
5.536918258083454170e-01
6.249798060855273896e-01
6.762550064469601274e-01
-0.000000000000000000e+00
8.182154611372940423e-01
5.492813076650548965e-01
-0.000000000000000000e+00
-0.000000000000000000e+00
5.556536603247274053e-01
5.654025776666607994e-01
-0.000000000000000000e+00
4.583681774235934814e-01
6.205419293387721691e-01
-0.000000000000000000e+00
5.505905925840911541e-01
6.247721696853014706e-01
6.662399244634034101e-01
6.770734511820772905e-01
5.468046843565927961e-01
8.203086002367506735e-01
5.794810178854288285e-01
5.009178748433020800e-01
-0.000000000000000000e+00
6.522104863224899018e-01
5.340540164570468651e-01
5.163027886289337509e-01
-0.000000000000000000e+00
5.807370437820797981e-01
5.311769527628851240e-01
7.405971511195372781e-01
2.576869152862896195e-01
7.327135197606691186e-01
5.125213870801625937e-01
6.661031531267480599e-01
5.403713844951307799e-01
5.742606933569748273e-01
-0.000000000000000000e+00
6.987210762648761175e-01
7.537816546798485895e-01
6.439606856302014792e-01
-0.000000000000000000e+00
6.362254892271141937e-01
6.710283060450430437e-01
-0.000000000000000000e+00
-0.000000000000000000e+00
-0.000000000000000000e+00
6.226585138049314239e-01
6.085496085933134180e-01
6.526491907137514925e-01
7.222794736610013144e-01
-0.000000000000000000e+00
6.405965137757702044e-01
6.015143221357259762e-01
6.719557992904946486e-01
6.630507021481113483e-01
-0.000000000000000000e+00
-0.000000000000000000e+00
6.138402577969139795e-01
6.420231886077328864e-01
5.889649287100905406e-01
5.995445207444567437e-01
6.006458180327756136e-01
5.382743594620337246e-01
6.124426106551136284e-01
5.918922968608659740e-01
-0.000000000000000000e+00
6.397016270358215628e-01
-0.000000000000000000e+00
5.588264429429146141e-01
5.911068070860607815e-01
6.168039003826528699e-01
5.955194550772420214e-01
5.903370423078004858e-01
6.437414077907424037e-01
-0.000000000000000000e+00
5.687936243214861687e-01
6.099545059624651433e-01
6.558588642795166734e-01
6.551562175349355810e-01
6.336445800903666159e-01
-0.000000000000000000e+00
6.516610225410417456e-01
4.395255809167233352e-01
-0.000000000000000000e+00
6.322204115587699569e-01
5.428457928968044577e-01
-0.000000000000000000e+00
-0.000000000000000000e+00
-0.000000000000000000e+00
6.338973893805978088e-01
6.271908363220108917e-01
7.098730750833399661e-01
6.795512131408988354e-01
-0.000000000000000000e+00
6.385129028481084656e-01
