-8.309805004456880528e-01
-3.548408733591058573e-01
-6.485585296642795150e-01
-8.302901954061938650e-01
-8.625159191900939604e-01
-8.322936240098105509e-01
-6.425593664810800298e-01
-7.737019638899181873e-01
-8.382560650523780410e-01
-5.215274687773392426e-01
-8.899770537014000116e-01
-5.142329583257918557e-01
-8.686180402202692274e-01
-8.934665580420373399e-01
-8.614452548832969292e-01
-5.854413739627397639e-01
-7.962373392392673166e-01
-8.139812016483898294e-01
-8.199860623623160816e-01
-6.857049916534935230e-01
-7.968553970405596321e-01
-8.347019037263895269e-01
-8.316217814831201594e-01
-7.870157310067503742e-01
-5.514964042902190666e-01
-8.546335308059087588e-01
-8.004334496265490539e-01
-8.609096555862477684e-01
-8.411067393164615158e-01
-8.166049439770091123e-01
-8.763604211569517854e-01
-7.900806964310402858e-01
-8.353178976560418079e-01
-8.275595290052233377e-01
-8.306838647918175500e-01
-8.206456587944389591e-01
-8.445366021859350703e-01
-8.477427560886100499e-01
-7.342499676714824286e-01
-8.588898426971081079e-01
-8.392351448648407430e-01
-8.741361085860320790e-01
-8.548205583889127990e-01
-8.426552071256283583e-01
-8.735140993507056750e-01
-8.365920842097400723e-01
-8.586958060474436660e-01
-6.864073579093534772e-01
-6.938228697316568550e-01
-8.627038927707975091e-01
-8.880957663604690522e-01
-7.546394717386855078e-01
-8.389475645923061276e-01
0.000000000000000000e+00
-7.405825236621249585e-01
-5.230445367845901750e-01
-8.625920826163663291e-01
-8.780161450866117434e-01
-7.727950797517154635e-01
-2.762094308929867736e-01
-9.042592689207082923e-01
-8.764106707851019307e-01
-7.139867535919658392e-01
-8.936305285616165106e-01
-8.518626163605974577e-01
-8.669432213890359007e-01
0.000000000000000000e+00
-5.697562263703219720e-01
-8.106224777449873020e-01
-8.745912278171059651e-01
-8.550270535684787454e-01
-8.574546788289008070e-01
-8.659362874290449374e-01
-8.232310977071836122e-01
0.000000000000000000e+00
-8.191510513111693870e-01
-8.336231687622097652e-01
-8.366142787815428195e-01
-6.521609456932981885e-01
-8.325203771004452413e-01
-8.537771998116516770e-01
-8.484812250802195033e-01
-6.930855538697335838e-01
-8.284693643565494980e-01
-8.843491369143487990e-01
-8.778697654471281364e-01
-8.817493254317377849e-01
-8.432391473567066864e-01
-8.805747622863613344e-01
-8.760349442511217166e-01
-4.173735010466438355e-01
-8.582916667678374134e-01
-8.010478982030670991e-01
-9.140342334111348777e-01
-8.654597484084630699e-01
-8.805412591042363069e-01
-7.998670488812669177e-01
-3.725560532056112484e-01
-8.479125620474624592e-01
-8.556473444480181545e-01
-5.276818735613345579e-01
-8.303507678644217460e-01
-9.227018781764461108e-01
-8.396966008973081319e-01
-8.171491279195324253e-01
-3.079794592658500196e-01
-9.107145735806547737e-01
-9.281140983984600412e-01
-8.553695614781248180e-01
-8.875345824387659288e-01
-8.790165434025880575e-01
-8.319362323291890071e-01
-8.882160998332880864e-01
-8.557619718268176801e-01
-8.370043150507385787e-01
-4.516283595519247074e-01
-8.712587296440197360e-01
-8.623357152917603408e-01
-8.629462117228923201e-01
-8.588648860097383153e-01
-5.785023540344620407e-01
-2.974028703319249178e-01
-8.211920786665978245e-01
0.000000000000000000e+00
-9.031744177581488842e-01
-9.241004917329654900e-01
-8.950632076630926637e-01
-8.289294601675142316e-01
-9.216846260002962143e-01
-8.639316530273244421e-01
-8.307780913728742833e-01
-8.797377870057964122e-01
-7.986464562656243604e-01
-8.287202010417671350e-01
-8.368500528006720396e-01
-8.794713449643494219e-01
-8.688696368061403774e-01
-8.142862695027023312e-01
-8.605516773434583877e-01
-8.706305148425979024e-01
-8.354699685091289130e-01
-8.599229062381831268e-01
-5.604777578151527440e-01
-8.515623965301825082e-01
-7.359411626305035758e-01
-6.996539739531220103e-01
-8.383055200269762253e-01
-8.136789128145998085e-01
-8.474447131782183451e-01
-8.523739530174725409e-01
-8.605209798503189456e-01
-2.122184730387103313e-01
-2.611238590263093018e-01
-8.381352994688525682e-01
-8.187181551269169244e-01
-8.477896704091911761e-01
-8.508902294922113807e-01
-8.740519703411043784e-01
-7.572789391890224486e-01
-8.323913020943577434e-01
-8.753424310139439335e-01
-8.140798185257202002e-01
-8.135112991017289241e-01
-8.145396477686864811e-01
-5.615989263934109132e-01
-8.973937762955622732e-01
-8.223169709411454198e-01
-8.539229356876618660e-01
-7.992347267738079131e-01
-8.324204632769861556e-01
-8.426068651112009755e-01
-8.709729345638785869e-01
-8.027523572870676194e-01
-8.104105977648217163e-01
-8.168906022600401773e-01
-8.716741627635899992e-01
-8.475696180574467942e-01
-8.707799088212406780e-01
-8.449920257523090283e-01
-8.452011773681686879e-01
-8.415688714262132830e-01
-8.223065948761227872e-01
-7.506067425144409277e-01
-8.061142425184544269e-01
-8.261031987491814776e-01
-8.245182083274403828e-01
-7.098010059891340928e-01
-4.406687245028165778e-01
-8.711105168020154554e-01
-8.618559893179856823e-01
-8.913900969810827357e-01
-6.397603402972612541e-01
0.000000000000000000e+00
-8.638836286439427470e-01
-8.688859816188264640e-01
-8.905033864334734872e-01
-8.353286033401020605e-01
-8.180500966120145545e-01
-8.735268659225734478e-01
-7.446573917171881440e-01
-7.916185167548750456e-01
-8.635664317794189415e-01
-8.916493978181063707e-01
-8.641978319496549377e-01
-8.626167876567671922e-01
-8.182244611463064254e-01
-7.766795606553317244e-01
-7.583264610868563071e-01
-8.261671773914479600e-01
-5.111344363662340129e-01
-8.629652477994629312e-01
-8.607770478478613541e-01
-6.872206853916382752e-01
-5.807494487886925016e-01
0.000000000000000000e+00
-7.338029392036666820e-01
-7.645466484511891370e-01
-8.136538184147978914e-01
-6.246142799392169209e-01
-8.684618977408041784e-01
-8.391798101400720356e-01
-8.149270519348199571e-01
-7.428001730505537914e-01
-7.652717288605556112e-01
-8.101941589925105713e-01
-8.586286356719023960e-01
-8.289910036988681341e-01
-8.046884976739158146e-01
-7.792327675629364681e-01
-8.402724647274794068e-01
-8.409199778374458756e-01
-7.428496943641453854e-01
-7.486444953533454294e-01
-8.296076837079516819e-01
-6.676851073475017495e-01
-8.618051826554079531e-01
-7.926672149734934614e-01
-7.982823511308647646e-01
-8.721019298112363538e-01
-8.123922808858266009e-01
-3.927381758112871157e-01
-7.191138929481555309e-01
-7.795175808417480479e-01
-8.381171700492301424e-01
-5.515513294160943047e-01
-8.084690828890616077e-01
-8.303255398874949123e-01
-8.042859302686753420e-01
0.000000000000000000e+00
-8.202050641282542243e-01
-8.727571313779802775e-01
-8.774528856479231198e-01
-8.521606542523257888e-01
-8.150578802619841134e-01
-8.110517217786151756e-01
-8.691334521876173946e-01
-8.093978069105869366e-01
-8.022269187533090928e-01
-8.186836842801701319e-01
-8.801075642344960981e-01
-7.909164951371564500e-01
-7.972972520941615793e-01
-8.152023115499793526e-01
-8.831738777487352365e-01
-6.120399867400689864e-01
-8.812925930918530382e-01
-7.288750660692333572e-01
